#TXYM  zu
   0.306217E+03   0.400000E+01
   0.305971E+03   0.120000E+02
   0.305787E+03   0.200000E+02
   0.305665E+03   0.280000E+02
   0.305590E+03   0.360000E+02
   0.305540E+03   0.440000E+02
   0.305504E+03   0.520000E+02
   0.305475E+03   0.600000E+02
   0.305453E+03   0.680000E+02
   0.305435E+03   0.760000E+02
   0.305419E+03   0.840000E+02
   0.305405E+03   0.920000E+02
   0.305393E+03   0.100000E+03
   0.305382E+03   0.108000E+03
   0.305373E+03   0.116000E+03
   0.305365E+03   0.124000E+03
   0.305357E+03   0.132000E+03
   0.305350E+03   0.140000E+03
   0.305343E+03   0.148000E+03
   0.305336E+03   0.156000E+03
   0.305331E+03   0.164000E+03
   0.305326E+03   0.172000E+03
   0.305322E+03   0.180000E+03
   0.305318E+03   0.188000E+03
   0.305314E+03   0.196000E+03
   0.305310E+03   0.204000E+03
   0.305307E+03   0.212000E+03
   0.305303E+03   0.220000E+03
   0.305300E+03   0.228000E+03
   0.305297E+03   0.236000E+03
   0.305294E+03   0.244000E+03
   0.305292E+03   0.252000E+03
   0.305289E+03   0.260000E+03
   0.305287E+03   0.268000E+03
   0.305284E+03   0.276000E+03
   0.305282E+03   0.284000E+03
   0.305280E+03   0.292000E+03
   0.305279E+03   0.300000E+03
   0.305277E+03   0.308000E+03
   0.305276E+03   0.316000E+03
   0.305274E+03   0.324000E+03
   0.305273E+03   0.332000E+03
   0.305272E+03   0.340000E+03
   0.305270E+03   0.348000E+03
   0.305269E+03   0.356000E+03
   0.305269E+03   0.364000E+03
   0.305268E+03   0.372000E+03
   0.305267E+03   0.380000E+03
   0.305266E+03   0.388000E+03
   0.305265E+03   0.396000E+03
   0.305264E+03   0.404000E+03
   0.305264E+03   0.412000E+03
   0.305263E+03   0.420000E+03
   0.305263E+03   0.428000E+03
   0.305262E+03   0.436000E+03
   0.305262E+03   0.444000E+03
   0.305262E+03   0.452000E+03
   0.305261E+03   0.460000E+03
   0.305261E+03   0.468000E+03
   0.305260E+03   0.476000E+03
   0.305260E+03   0.484000E+03
   0.305260E+03   0.492000E+03
   0.305260E+03   0.500000E+03
   0.305260E+03   0.508000E+03
   0.305260E+03   0.516000E+03
   0.305260E+03   0.524000E+03
   0.305260E+03   0.532000E+03
   0.305260E+03   0.540000E+03
   0.305260E+03   0.548000E+03
   0.305260E+03   0.556000E+03
   0.305260E+03   0.564000E+03
   0.305260E+03   0.572000E+03
   0.305260E+03   0.580000E+03
   0.305260E+03   0.588000E+03
   0.305260E+03   0.596000E+03
   0.305261E+03   0.604000E+03
   0.305261E+03   0.612000E+03
   0.305261E+03   0.620000E+03
   0.305262E+03   0.628000E+03
   0.305262E+03   0.636000E+03
   0.305263E+03   0.644000E+03
   0.305263E+03   0.652000E+03
   0.305263E+03   0.660000E+03
   0.305264E+03   0.668000E+03
   0.305264E+03   0.676000E+03
   0.305265E+03   0.684000E+03
   0.305265E+03   0.692000E+03
   0.305266E+03   0.700000E+03
   0.305267E+03   0.708000E+03
   0.305268E+03   0.716000E+03
   0.305269E+03   0.724000E+03
   0.305269E+03   0.732000E+03
   0.305270E+03   0.740000E+03
   0.305271E+03   0.748000E+03
   0.305272E+03   0.756000E+03
   0.305273E+03   0.764000E+03
   0.305274E+03   0.772000E+03
   0.305275E+03   0.780000E+03
   0.305276E+03   0.788000E+03
   0.305277E+03   0.796000E+03
   0.305278E+03   0.804000E+03
   0.305280E+03   0.812000E+03
   0.305281E+03   0.820000E+03
   0.305282E+03   0.828000E+03
   0.305283E+03   0.836000E+03
   0.305284E+03   0.844000E+03
   0.305285E+03   0.852000E+03
   0.305287E+03   0.860000E+03
   0.305288E+03   0.868000E+03
   0.305290E+03   0.876000E+03
   0.305291E+03   0.884000E+03
   0.305293E+03   0.892000E+03
   0.305294E+03   0.900000E+03
   0.305296E+03   0.908000E+03
   0.305297E+03   0.916000E+03
   0.305299E+03   0.924000E+03
   0.305301E+03   0.932000E+03
   0.305303E+03   0.940000E+03
   0.305305E+03   0.948000E+03
   0.305307E+03   0.956000E+03
   0.305309E+03   0.964000E+03
   0.305312E+03   0.972000E+03
   0.305314E+03   0.980000E+03
   0.305317E+03   0.988000E+03
   0.305320E+03   0.996000E+03
   0.305323E+03   0.100400E+04
   0.305326E+03   0.101200E+04
   0.305330E+03   0.102000E+04
   0.305334E+03   0.102800E+04
   0.305339E+03   0.103600E+04
   0.305344E+03   0.104400E+04
   0.305349E+03   0.105200E+04
   0.305355E+03   0.106000E+04
   0.305361E+03   0.106800E+04
   0.305369E+03   0.107600E+04
   0.305377E+03   0.108400E+04
   0.305387E+03   0.109200E+04
   0.305396E+03   0.110000E+04
   0.305406E+03   0.110800E+04
   0.305419E+03   0.111600E+04
   0.305433E+03   0.112400E+04
   0.305450E+03   0.113200E+04
   0.305468E+03   0.114000E+04
   0.305491E+03   0.114800E+04
   0.305515E+03   0.115600E+04
   0.305546E+03   0.116400E+04
   0.305580E+03   0.117200E+04
   0.305622E+03   0.118000E+04
   0.305669E+03   0.118800E+04
   0.305724E+03   0.119600E+04
   0.305786E+03   0.120400E+04
   0.305859E+03   0.121200E+04
   0.305940E+03   0.122000E+04
   0.306033E+03   0.122800E+04
   0.306138E+03   0.123600E+04
   0.306256E+03   0.124400E+04
   0.306385E+03   0.125200E+04
   0.306528E+03   0.126000E+04
   0.306680E+03   0.126800E+04
   0.306842E+03   0.127600E+04
   0.307012E+03   0.128400E+04
   0.307193E+03   0.129200E+04
   0.307378E+03   0.130000E+04
   0.307568E+03   0.130800E+04
   0.307759E+03   0.131600E+04
   0.307948E+03   0.132400E+04
   0.308130E+03   0.133200E+04
   0.308299E+03   0.134000E+04
   0.308450E+03   0.134800E+04
   0.308580E+03   0.135600E+04
   0.308689E+03   0.136400E+04
   0.308776E+03   0.137200E+04
   0.308846E+03   0.138000E+04
   0.308900E+03   0.138800E+04
   0.308943E+03   0.139600E+04
   0.308978E+03   0.140400E+04
   0.309007E+03   0.141200E+04
   0.309035E+03   0.142000E+04
   0.309061E+03   0.142800E+04
   0.309086E+03   0.143600E+04
   0.309112E+03   0.144400E+04
   0.309137E+03   0.145200E+04
   0.309162E+03   0.146000E+04
   0.309187E+03   0.146800E+04
   0.309212E+03   0.147600E+04
   0.309236E+03   0.148400E+04
   0.309261E+03   0.149200E+04
   0.309285E+03   0.150000E+04
   0.309309E+03   0.150800E+04
   0.309334E+03   0.151600E+04
   0.309358E+03   0.152400E+04
   0.309383E+03   0.153200E+04
   0.309407E+03   0.154000E+04
   0.309432E+03   0.154800E+04
   0.309455E+03   0.155600E+04
   0.309479E+03   0.156400E+04
   0.309503E+03   0.157200E+04
   0.309528E+03   0.158000E+04
   0.309552E+03   0.158800E+04
   0.309576E+03   0.159600E+04
   0.309600E+03   0.160400E+04
   0.309624E+03   0.161200E+04
   0.309648E+03   0.162000E+04
   0.309673E+03   0.162800E+04
   0.309697E+03   0.163600E+04
   0.309720E+03   0.164400E+04
   0.309745E+03   0.165200E+04
   0.309769E+03   0.166000E+04
   0.309793E+03   0.166800E+04
   0.309817E+03   0.167600E+04
   0.309841E+03   0.168400E+04
   0.309865E+03   0.169200E+04
   0.309889E+03   0.170000E+04
   0.309913E+03   0.170800E+04
   0.309937E+03   0.171600E+04
   0.309961E+03   0.172400E+04
   0.309985E+03   0.173200E+04
   0.310009E+03   0.174000E+04
   0.310033E+03   0.174800E+04
   0.310057E+03   0.175600E+04
   0.310081E+03   0.176400E+04
   0.310106E+03   0.177200E+04
   0.310130E+03   0.178000E+04
   0.310154E+03   0.178800E+04
   0.310177E+03   0.179600E+04
   0.310201E+03   0.180400E+04
   0.310226E+03   0.181200E+04
   0.310250E+03   0.182000E+04
   0.310274E+03   0.182800E+04
   0.310298E+03   0.183600E+04
   0.310322E+03   0.184400E+04
   0.310345E+03   0.185200E+04
   0.310370E+03   0.186000E+04
   0.310393E+03   0.186800E+04
   0.310417E+03   0.187600E+04
   0.310442E+03   0.188400E+04
   0.310466E+03   0.189200E+04
   0.310489E+03   0.190000E+04
   0.310513E+03   0.190800E+04
   0.310537E+03   0.191600E+04
   0.310562E+03   0.192400E+04
   0.310586E+03   0.193200E+04
   0.310611E+03   0.194000E+04
   0.310634E+03   0.194800E+04
   0.310657E+03   0.195600E+04
   0.310682E+03   0.196400E+04
   0.310706E+03   0.197200E+04
   0.310730E+03   0.198000E+04
   0.310752E+03   0.198800E+04
   0.310776E+03   0.199600E+04
   0.310798E+03   0.200400E+04
   0.310820E+03   0.201200E+04
   0.310842E+03   0.202000E+04
   0.310863E+03   0.202800E+04
   0.310885E+03   0.203600E+04
   0.310907E+03   0.204400E+04
