#<u>, <v>, zu
   0.661609E+01   0.268693E+01   0.400000E+01
   0.934875E+01   0.376917E+01   0.120000E+02
   0.107767E+02   0.431651E+01   0.200000E+02
   0.114137E+02   0.455173E+01   0.280000E+02
   0.117932E+02   0.469003E+01   0.360000E+02
   0.120457E+02   0.478058E+01   0.440000E+02
   0.122416E+02   0.485080E+01   0.520000E+02
   0.123961E+02   0.490516E+01   0.600000E+02
   0.125277E+02   0.495117E+01   0.680000E+02
   0.126384E+02   0.499052E+01   0.760000E+02
   0.127365E+02   0.502607E+01   0.840000E+02
   0.128221E+02   0.505867E+01   0.920000E+02
   0.128988E+02   0.508917E+01   0.100000E+03
   0.129669E+02   0.511731E+01   0.108000E+03
   0.130289E+02   0.514266E+01   0.116000E+03
   0.130846E+02   0.516613E+01   0.124000E+03
   0.131356E+02   0.518793E+01   0.132000E+03
   0.131817E+02   0.520868E+01   0.140000E+03
   0.132241E+02   0.522879E+01   0.148000E+03
   0.132628E+02   0.524809E+01   0.156000E+03
   0.132983E+02   0.526614E+01   0.164000E+03
   0.133309E+02   0.528299E+01   0.172000E+03
   0.133610E+02   0.529903E+01   0.180000E+03
   0.133877E+02   0.531418E+01   0.188000E+03
   0.134122E+02   0.532817E+01   0.196000E+03
   0.134346E+02   0.534147E+01   0.204000E+03
   0.134554E+02   0.535407E+01   0.212000E+03
   0.134744E+02   0.536610E+01   0.220000E+03
   0.134918E+02   0.537754E+01   0.228000E+03
   0.135078E+02   0.538835E+01   0.236000E+03
   0.135228E+02   0.539861E+01   0.244000E+03
   0.135369E+02   0.540822E+01   0.252000E+03
   0.135502E+02   0.541673E+01   0.260000E+03
   0.135631E+02   0.542446E+01   0.268000E+03
   0.135749E+02   0.543121E+01   0.276000E+03
   0.135857E+02   0.543698E+01   0.284000E+03
   0.135959E+02   0.544172E+01   0.292000E+03
   0.136057E+02   0.544553E+01   0.300000E+03
   0.136153E+02   0.544861E+01   0.308000E+03
   0.136246E+02   0.545154E+01   0.316000E+03
   0.136335E+02   0.545416E+01   0.324000E+03
   0.136417E+02   0.545619E+01   0.332000E+03
   0.136497E+02   0.545789E+01   0.340000E+03
   0.136575E+02   0.545894E+01   0.348000E+03
   0.136650E+02   0.545957E+01   0.356000E+03
   0.136718E+02   0.545984E+01   0.364000E+03
   0.136780E+02   0.545990E+01   0.372000E+03
   0.136837E+02   0.545961E+01   0.380000E+03
   0.136894E+02   0.545879E+01   0.388000E+03
   0.136951E+02   0.545758E+01   0.396000E+03
   0.137007E+02   0.545599E+01   0.404000E+03
   0.137061E+02   0.545413E+01   0.412000E+03
   0.137113E+02   0.545226E+01   0.420000E+03
   0.137165E+02   0.545027E+01   0.428000E+03
   0.137215E+02   0.544806E+01   0.436000E+03
   0.137260E+02   0.544552E+01   0.444000E+03
   0.137303E+02   0.544276E+01   0.452000E+03
   0.137342E+02   0.543982E+01   0.460000E+03
   0.137376E+02   0.543652E+01   0.468000E+03
   0.137407E+02   0.543295E+01   0.476000E+03
   0.137436E+02   0.542906E+01   0.484000E+03
   0.137463E+02   0.542498E+01   0.492000E+03
   0.137491E+02   0.542091E+01   0.500000E+03
   0.137519E+02   0.541710E+01   0.508000E+03
   0.137544E+02   0.541328E+01   0.516000E+03
   0.137567E+02   0.540924E+01   0.524000E+03
   0.137586E+02   0.540498E+01   0.532000E+03
   0.137602E+02   0.540022E+01   0.540000E+03
   0.137615E+02   0.539483E+01   0.548000E+03
   0.137620E+02   0.538903E+01   0.556000E+03
   0.137619E+02   0.538338E+01   0.564000E+03
   0.137615E+02   0.537779E+01   0.572000E+03
   0.137609E+02   0.537190E+01   0.580000E+03
   0.137599E+02   0.536578E+01   0.588000E+03
   0.137584E+02   0.535953E+01   0.596000E+03
   0.137568E+02   0.535318E+01   0.604000E+03
   0.137549E+02   0.534654E+01   0.612000E+03
   0.137529E+02   0.533948E+01   0.620000E+03
   0.137507E+02   0.533224E+01   0.628000E+03
   0.137483E+02   0.532470E+01   0.636000E+03
   0.137460E+02   0.531677E+01   0.644000E+03
   0.137434E+02   0.530858E+01   0.652000E+03
   0.137407E+02   0.529990E+01   0.660000E+03
   0.137378E+02   0.529063E+01   0.668000E+03
   0.137348E+02   0.528105E+01   0.676000E+03
   0.137315E+02   0.527120E+01   0.684000E+03
   0.137279E+02   0.526131E+01   0.692000E+03
   0.137242E+02   0.525115E+01   0.700000E+03
   0.137206E+02   0.524063E+01   0.708000E+03
   0.137173E+02   0.522974E+01   0.716000E+03
   0.137143E+02   0.521826E+01   0.724000E+03
   0.137114E+02   0.520609E+01   0.732000E+03
   0.137085E+02   0.519350E+01   0.740000E+03
   0.137054E+02   0.518051E+01   0.748000E+03
   0.137023E+02   0.516727E+01   0.756000E+03
   0.136995E+02   0.515388E+01   0.764000E+03
   0.136968E+02   0.514057E+01   0.772000E+03
   0.136943E+02   0.512743E+01   0.780000E+03
   0.136922E+02   0.511407E+01   0.788000E+03
   0.136905E+02   0.510054E+01   0.796000E+03
   0.136891E+02   0.508702E+01   0.804000E+03
   0.136879E+02   0.507334E+01   0.812000E+03
   0.136871E+02   0.505961E+01   0.820000E+03
   0.136865E+02   0.504603E+01   0.828000E+03
   0.136859E+02   0.503227E+01   0.836000E+03
   0.136856E+02   0.501832E+01   0.844000E+03
   0.136852E+02   0.500443E+01   0.852000E+03
   0.136845E+02   0.499037E+01   0.860000E+03
   0.136843E+02   0.497601E+01   0.868000E+03
   0.136843E+02   0.496115E+01   0.876000E+03
   0.136847E+02   0.494596E+01   0.884000E+03
   0.136857E+02   0.493047E+01   0.892000E+03
   0.136870E+02   0.491476E+01   0.900000E+03
   0.136885E+02   0.489884E+01   0.908000E+03
   0.136903E+02   0.488225E+01   0.916000E+03
   0.136924E+02   0.486526E+01   0.924000E+03
   0.136950E+02   0.484821E+01   0.932000E+03
   0.136979E+02   0.483083E+01   0.940000E+03
   0.137014E+02   0.481298E+01   0.948000E+03
   0.137057E+02   0.479484E+01   0.956000E+03
   0.137108E+02   0.477630E+01   0.964000E+03
   0.137166E+02   0.475749E+01   0.972000E+03
   0.137232E+02   0.473834E+01   0.980000E+03
   0.137307E+02   0.471888E+01   0.988000E+03
   0.137391E+02   0.469907E+01   0.996000E+03
   0.137484E+02   0.467932E+01   0.100400E+04
   0.137590E+02   0.465963E+01   0.101200E+04
   0.137707E+02   0.463984E+01   0.102000E+04
   0.137836E+02   0.462001E+01   0.102800E+04
   0.137977E+02   0.459989E+01   0.103600E+04
   0.138128E+02   0.457967E+01   0.104400E+04
   0.138290E+02   0.455972E+01   0.105200E+04
   0.138466E+02   0.453957E+01   0.106000E+04
   0.138653E+02   0.451945E+01   0.106800E+04
   0.138850E+02   0.449880E+01   0.107600E+04
   0.139055E+02   0.447730E+01   0.108400E+04
   0.139273E+02   0.445483E+01   0.109200E+04
   0.139500E+02   0.443138E+01   0.110000E+04
   0.139736E+02   0.440687E+01   0.110800E+04
   0.139984E+02   0.438108E+01   0.111600E+04
   0.140245E+02   0.435361E+01   0.112400E+04
   0.140518E+02   0.432399E+01   0.113200E+04
   0.140799E+02   0.429138E+01   0.114000E+04
   0.141090E+02   0.425533E+01   0.114800E+04
   0.141383E+02   0.421513E+01   0.115600E+04
   0.141685E+02   0.416983E+01   0.116400E+04
   0.141995E+02   0.411853E+01   0.117200E+04
   0.142318E+02   0.405962E+01   0.118000E+04
   0.142651E+02   0.399126E+01   0.118800E+04
   0.142986E+02   0.391245E+01   0.119600E+04
   0.143323E+02   0.382246E+01   0.120400E+04
   0.143661E+02   0.371904E+01   0.121200E+04
   0.143990E+02   0.360079E+01   0.122000E+04
   0.144315E+02   0.346619E+01   0.122800E+04
   0.144637E+02   0.331402E+01   0.123600E+04
   0.144957E+02   0.314328E+01   0.124400E+04
   0.145290E+02   0.295472E+01   0.125200E+04
   0.145634E+02   0.275065E+01   0.126000E+04
   0.145983E+02   0.253360E+01   0.126800E+04
   0.146343E+02   0.230596E+01   0.127600E+04
   0.146712E+02   0.206968E+01   0.128400E+04
   0.147081E+02   0.182861E+01   0.129200E+04
   0.147460E+02   0.158353E+01   0.130000E+04
   0.147838E+02   0.133832E+01   0.130800E+04
   0.148209E+02   0.109895E+01   0.131600E+04
   0.148561E+02   0.872420E+00   0.132400E+04
   0.148895E+02   0.668445E+00   0.133200E+04
   0.149205E+02   0.493725E+00   0.134000E+04
   0.149491E+02   0.349767E+00   0.134800E+04
   0.149739E+02   0.237140E+00   0.135600E+04
   0.149947E+02   0.154227E+00   0.136400E+04
   0.150108E+02   0.968100E-01   0.137200E+04
   0.150231E+02   0.591542E-01   0.138000E+04
   0.150307E+02   0.364803E-01   0.138800E+04
   0.150354E+02   0.231230E-01   0.139600E+04
   0.150372E+02   0.161998E-01   0.140400E+04
   0.150372E+02   0.123772E-01   0.141200E+04
   0.150361E+02   0.105670E-01   0.142000E+04
   0.150346E+02   0.933310E-02   0.142800E+04
   0.150328E+02   0.866628E-02   0.143600E+04
   0.150311E+02   0.817712E-02   0.144400E+04
   0.150294E+02   0.788859E-02   0.145200E+04
   0.150278E+02   0.754398E-02   0.146000E+04
   0.150263E+02   0.741121E-02   0.146800E+04
   0.150248E+02   0.719648E-02   0.147600E+04
   0.150235E+02   0.713791E-02   0.148400E+04
   0.150222E+02   0.705683E-02   0.149200E+04
   0.150209E+02   0.701417E-02   0.150000E+04
   0.150197E+02   0.695804E-02   0.150800E+04
   0.150186E+02   0.690921E-02   0.151600E+04
   0.150175E+02   0.685690E-02   0.152400E+04
   0.150164E+02   0.678231E-02   0.153200E+04
   0.150154E+02   0.669257E-02   0.154000E+04
   0.150145E+02   0.659946E-02   0.154800E+04
   0.150135E+02   0.649526E-02   0.155600E+04
   0.150126E+02   0.638450E-02   0.156400E+04
   0.150118E+02   0.627356E-02   0.157200E+04
   0.150110E+02   0.616918E-02   0.158000E+04
   0.150102E+02   0.607497E-02   0.158800E+04
   0.150095E+02   0.599323E-02   0.159600E+04
   0.150088E+02   0.593032E-02   0.160400E+04
   0.150081E+02   0.588258E-02   0.161200E+04
   0.150075E+02   0.584659E-02   0.162000E+04
   0.150069E+02   0.582107E-02   0.162800E+04
   0.150064E+02   0.580537E-02   0.163600E+04
   0.150058E+02   0.579896E-02   0.164400E+04
   0.150054E+02   0.579908E-02   0.165200E+04
   0.150049E+02   0.580039E-02   0.166000E+04
   0.150044E+02   0.579550E-02   0.166800E+04
   0.150040E+02   0.577497E-02   0.167600E+04
   0.150036E+02   0.573492E-02   0.168400E+04
   0.150031E+02   0.567817E-02   0.169200E+04
   0.150026E+02   0.561021E-02   0.170000E+04
   0.150022E+02   0.553716E-02   0.170800E+04
   0.150017E+02   0.546449E-02   0.171600E+04
   0.150013E+02   0.539949E-02   0.172400E+04
   0.150009E+02   0.534755E-02   0.173200E+04
   0.150005E+02   0.531404E-02   0.174000E+04
   0.150002E+02   0.529603E-02   0.174800E+04
   0.149999E+02   0.529177E-02   0.175600E+04
   0.149996E+02   0.529242E-02   0.176400E+04
   0.149993E+02   0.529897E-02   0.177200E+04
   0.149990E+02   0.530546E-02   0.178000E+04
   0.149987E+02   0.531816E-02   0.178800E+04
   0.149985E+02   0.533872E-02   0.179600E+04
   0.149983E+02   0.536554E-02   0.180400E+04
   0.149981E+02   0.539712E-02   0.181200E+04
   0.149979E+02   0.541316E-02   0.182000E+04
   0.149978E+02   0.543369E-02   0.182800E+04
   0.149976E+02   0.541709E-02   0.183600E+04
   0.149974E+02   0.542221E-02   0.184400E+04
   0.149972E+02   0.536352E-02   0.185200E+04
   0.149971E+02   0.536706E-02   0.186000E+04
   0.149969E+02   0.527831E-02   0.186800E+04
   0.149968E+02   0.531540E-02   0.187600E+04
   0.149967E+02   0.519501E-02   0.188400E+04
   0.149967E+02   0.529242E-02   0.189200E+04
   0.149965E+02   0.511560E-02   0.190000E+04
   0.149966E+02   0.530865E-02   0.190800E+04
   0.149964E+02   0.502913E-02   0.191600E+04
   0.149966E+02   0.534939E-02   0.192400E+04
   0.149965E+02   0.493586E-02   0.193200E+04
   0.149967E+02   0.538714E-02   0.194000E+04
   0.149967E+02   0.488426E-02   0.194800E+04
   0.149970E+02   0.536756E-02   0.195600E+04
   0.149970E+02   0.492093E-02   0.196400E+04
   0.149974E+02   0.524243E-02   0.197200E+04
   0.149977E+02   0.501255E-02   0.198000E+04
   0.149980E+02   0.498785E-02   0.198800E+04
   0.149984E+02   0.513004E-02   0.199600E+04
   0.149988E+02   0.460012E-02   0.200400E+04
   0.149990E+02   0.516616E-02   0.201200E+04
   0.149995E+02   0.416413E-02   0.202000E+04
   0.149993E+02   0.525960E-02   0.202800E+04
   0.149998E+02   0.447219E-02   0.203600E+04
   0.149992E+02   0.691593E-02   0.204400E+04
