38219.4
38227.8
38236.4
38245.0
38253.6
38261.9
38270.3
38278.6
38286.7
38295.0
38303.5
38312.1
38320.3
38328.5
38336.9
38345.5
38345.8
38346.1
38353.6
38361.5
38369.7
38377.8
38386.0
38394.3
38402.6
38410.7
38418.6
38426.3
38434.4
38442.7
38450.9
38459.1
38467.2
38475.4
38483.5
38491.2
38499.0
38506.9
38514.8
38522.8
38530.7
38538.8
38547.2
38555.5
38563.8
38572.1
38580.4
38588.6
38596.6
38604.3
38611.9
38619.6
38627.5
38635.5
38643.7
38651.9
38660.6
38669.1
38677.8
38686.5
38695.3
38704.0
38712.6
38721.3
38730.0
38738.7
38747.5
38756.2
38764.8
38773.6
38782.3
38791.2
38800.2
38809.4
38818.4
38827.1
38835.7
38844.5
38853.2
38861.9
38870.7
38879.7
