#n
#k " eddy viscosity for scalar"
#lx "Ksbseb/usb*ebzsbieb"
#ly "z/zsbieb"
#y 0 1.0 0.2
#x 0 1.0 0.2
#c0
#m 1
#lw 1.0
#k "EDDYS"
   0.377746E-02   0.619301E-02
   0.500293E-02   0.123860E-01
   0.757427E-02   0.185790E-01
   0.122483E-01   0.247720E-01
   0.183278E-01   0.309650E-01
   0.246728E-01   0.371581E-01
   0.318511E-01   0.433511E-01
   0.373533E-01   0.495441E-01
   0.481885E-01   0.557371E-01
   0.540574E-01   0.619301E-01
   0.596051E-01   0.681231E-01
   0.712340E-01   0.743161E-01
   0.771024E-01   0.805091E-01
   0.852504E-01   0.867021E-01
   0.932256E-01   0.928951E-01
   0.103077E+00   0.990881E-01
   0.108809E+00   0.105281E+00
   0.125447E+00   0.111474E+00
   0.138980E+00   0.117667E+00
   0.124653E+00   0.123860E+00
   0.149047E+00   0.130053E+00
   0.151085E+00   0.136246E+00
   0.167936E+00   0.142439E+00
   0.179718E+00   0.148632E+00
   0.170264E+00   0.154825E+00
   0.182724E+00   0.161018E+00
   0.235027E+00   0.167211E+00
   0.252749E+00   0.173404E+00
   0.234741E+00   0.179597E+00
   0.274187E+00   0.185790E+00
   0.274532E+00   0.191983E+00
   0.305025E+00   0.198176E+00
   0.242010E+00   0.204369E+00
   0.302493E+00   0.210562E+00
   0.377832E+00   0.216755E+00
   0.367128E+00   0.222948E+00
   0.362935E+00   0.229141E+00
   0.400128E+00   0.235334E+00
   0.419645E+00   0.241527E+00
   0.472520E+00   0.247720E+00
   0.466842E+00   0.253913E+00
   0.521852E+00   0.260106E+00
   0.391734E+00   0.266299E+00
   0.604471E+00   0.272492E+00
   0.616106E+00   0.278685E+00
   0.571380E+00   0.284878E+00
   0.664714E+00   0.291071E+00
   0.680317E+00   0.297264E+00
   0.788049E+00   0.303457E+00
   0.894107E+00   0.309650E+00
   0.734984E+00   0.315843E+00
   0.915658E+00   0.322036E+00
   0.714816E+00   0.328229E+00
   0.187928E+01   0.334422E+00
   0.980664E+00   0.340615E+00
   0.234694E+01   0.346808E+00
   0.101161E+01   0.353002E+00
   0.227748E+01   0.359195E+00
   0.130821E+01   0.365388E+00
   0.118878E+01   0.371581E+00
   0.253492E+01   0.377774E+00
   0.374121E+01   0.383967E+00
           -Inf   0.390160E+00
   0.289514E+01   0.396353E+00
   0.142311E+02   0.402546E+00
  -0.349659E+01   0.408739E+00
   0.687087E+01   0.414932E+00
  -0.674854E+01   0.421125E+00
  -0.441747E+01   0.427318E+00
  -0.650383E+01   0.433511E+00
  -0.638147E+01   0.439704E+00
  -0.156479E+01   0.445897E+00
  -0.245473E+01   0.452090E+00
  -0.120290E+01   0.458283E+00
  -0.294601E+01   0.464476E+00
  -0.769245E+00   0.470669E+00
  -0.868695E+00   0.476862E+00
  -0.138092E+01   0.483055E+00
  -0.771550E+00   0.489248E+00
  -0.703748E+00   0.495441E+00
  -0.859244E+00   0.501634E+00
  -0.838823E+00   0.507827E+00
  -0.409213E+00   0.514020E+00
  -0.684055E+00   0.520213E+00
  -0.466641E+00   0.526406E+00
  -0.349589E+00   0.532599E+00
  -0.465599E+00   0.538792E+00
  -0.307290E+00   0.544985E+00
  -0.491916E+00   0.551178E+00
  -0.253807E+00   0.557371E+00
  -0.254258E+00   0.563564E+00
  -0.263554E+00   0.569757E+00
  -0.264465E+00   0.575950E+00
  -0.311653E+00   0.582143E+00
  -0.231076E+00   0.588336E+00
  -0.239208E+00   0.594529E+00
  -0.222914E+00   0.600722E+00
  -0.188852E+00   0.606915E+00
  -0.193566E+00   0.613108E+00
  -0.144247E+00   0.619301E+00
  -0.142055E+00   0.625494E+00
  -0.151749E+00   0.631687E+00
  -0.127075E+00   0.637880E+00
  -0.173410E+00   0.644073E+00
  -0.118686E+00   0.650266E+00
  -0.118993E+00   0.656459E+00
  -0.949395E-01   0.662652E+00
  -0.119772E+00   0.668845E+00
  -0.100758E+00   0.675038E+00
  -0.687084E-01   0.681231E+00
  -0.683498E-01   0.687424E+00
  -0.695023E-01   0.693617E+00
  -0.497548E-01   0.699810E+00
  -0.580996E-01   0.706003E+00
  -0.435131E-01   0.712196E+00
  -0.334164E-01   0.718389E+00
  -0.433546E-01   0.724582E+00
  -0.236990E-01   0.730775E+00
  -0.215632E-01   0.736968E+00
  -0.161150E-01   0.743161E+00
  -0.164523E-01   0.749354E+00
  -0.108994E-01   0.755547E+00
  -0.779630E-02   0.761740E+00
  -0.430527E-02   0.767933E+00
  -0.182519E-02   0.774126E+00
   0.175418E-03   0.780319E+00
   0.199284E-02   0.786512E+00
   0.314809E-02   0.792705E+00
