#n
#k " eddy viscosity for momentum"
#lx "Ksbmeb/usb*ebzsbieb"
#ly "z/zsbieb"
#y 0 1.0 0.2
#x 0 1.0 0.2
#c0
#m 1
#lw 1.0
#k "EDDYM"
   0.165794E-02   0.619301E-02
   0.317230E-02   0.123860E-01
   0.711469E-02   0.185790E-01
   0.118634E-01   0.247720E-01
   0.177770E-01   0.309650E-01
   0.227656E-01   0.371581E-01
   0.286207E-01   0.433511E-01
   0.331087E-01   0.495441E-01
   0.387693E-01   0.557371E-01
   0.432720E-01   0.619301E-01
   0.490188E-01   0.681231E-01
   0.537799E-01   0.743161E-01
   0.594890E-01   0.805091E-01
   0.646564E-01   0.867021E-01
   0.712179E-01   0.928951E-01
   0.766657E-01   0.990881E-01
   0.830659E-01   0.105281E+00
   0.891308E-01   0.111474E+00
   0.961026E-01   0.117667E+00
   0.103261E+00   0.123860E+00
   0.111231E+00   0.130053E+00
   0.119062E+00   0.136246E+00
   0.130268E+00   0.142439E+00
   0.141097E+00   0.148632E+00
   0.152658E+00   0.154825E+00
   0.163078E+00   0.161018E+00
   0.174209E+00   0.167211E+00
   0.185996E+00   0.173404E+00
   0.199430E+00   0.179597E+00
   0.214231E+00   0.185790E+00
   0.229341E+00   0.191983E+00
   0.246040E+00   0.198176E+00
   0.258536E+00   0.204369E+00
   0.283692E+00   0.210562E+00
   0.315413E+00   0.216755E+00
   0.348460E+00   0.222948E+00
   0.372747E+00   0.229141E+00
   0.395523E+00   0.235334E+00
   0.416856E+00   0.241527E+00
   0.442988E+00   0.247720E+00
   0.482152E+00   0.253913E+00
   0.503625E+00   0.260106E+00
   0.528187E+00   0.266299E+00
   0.556586E+00   0.272492E+00
   0.624278E+00   0.278685E+00
   0.694960E+00   0.284878E+00
   0.744414E+00   0.291071E+00
   0.761295E+00   0.297264E+00
   0.741031E+00   0.303457E+00
   0.728410E+00   0.309650E+00
   0.758450E+00   0.315843E+00
   0.805393E+00   0.322036E+00
   0.791087E+00   0.328229E+00
   0.780234E+00   0.334422E+00
   0.805987E+00   0.340615E+00
   0.799238E+00   0.346808E+00
   0.845246E+00   0.353002E+00
   0.872310E+00   0.359195E+00
   0.850785E+00   0.365388E+00
   0.821196E+00   0.371581E+00
   0.778312E+00   0.377774E+00
   0.768741E+00   0.383967E+00
   0.788540E+00   0.390160E+00
   0.825484E+00   0.396353E+00
   0.821453E+00   0.402546E+00
   0.799309E+00   0.408739E+00
   0.717848E+00   0.414932E+00
   0.620046E+00   0.421125E+00
   0.561185E+00   0.427318E+00
   0.547769E+00   0.433511E+00
   0.545898E+00   0.439704E+00
   0.510999E+00   0.445897E+00
   0.473711E+00   0.452090E+00
   0.450697E+00   0.458283E+00
   0.434150E+00   0.464476E+00
   0.414406E+00   0.470669E+00
   0.391152E+00   0.476862E+00
   0.379940E+00   0.483055E+00
   0.356382E+00   0.489248E+00
   0.339236E+00   0.495441E+00
   0.323168E+00   0.501634E+00
   0.302438E+00   0.507827E+00
   0.278555E+00   0.514020E+00
   0.264243E+00   0.520213E+00
   0.253130E+00   0.526406E+00
   0.244324E+00   0.532599E+00
   0.233650E+00   0.538792E+00
   0.226302E+00   0.544985E+00
   0.220765E+00   0.551178E+00
   0.212047E+00   0.557371E+00
   0.200862E+00   0.563564E+00
   0.192350E+00   0.569757E+00
   0.183895E+00   0.575950E+00
   0.177297E+00   0.582143E+00
   0.175918E+00   0.588336E+00
   0.175076E+00   0.594529E+00
   0.173795E+00   0.600722E+00
   0.168238E+00   0.606915E+00
   0.164942E+00   0.613108E+00
   0.163901E+00   0.619301E+00
   0.158532E+00   0.625494E+00
   0.155408E+00   0.631687E+00
   0.154115E+00   0.637880E+00
   0.149173E+00   0.644073E+00
   0.143433E+00   0.650266E+00
   0.140870E+00   0.656459E+00
   0.135873E+00   0.662652E+00
   0.130649E+00   0.668845E+00
   0.124643E+00   0.675038E+00
   0.119778E+00   0.681231E+00
   0.114121E+00   0.687424E+00
   0.109726E+00   0.693617E+00
   0.105172E+00   0.699810E+00
   0.988622E-01   0.706003E+00
   0.935084E-01   0.712196E+00
   0.905717E-01   0.718389E+00
   0.861616E-01   0.724582E+00
   0.811234E-01   0.730775E+00
   0.765090E-01   0.736968E+00
   0.721643E-01   0.743161E+00
   0.690461E-01   0.749354E+00
   0.656838E-01   0.755547E+00
   0.625429E-01   0.761740E+00
   0.589824E-01   0.767933E+00
   0.564794E-01   0.774126E+00
   0.537402E-01   0.780319E+00
   0.508019E-01   0.786512E+00
   0.480945E-01   0.792705E+00
