#ENGLEZ zw
   0.181786E+01   0.800000E+01
   0.281207E+01   0.160000E+02
   0.315478E+01   0.240000E+02
   0.314290E+01   0.320000E+02
   0.307079E+01   0.400000E+02
   0.299495E+01   0.480000E+02
   0.292503E+01   0.560000E+02
   0.286199E+01   0.640000E+02
   0.280588E+01   0.720000E+02
   0.275456E+01   0.800000E+02
   0.270712E+01   0.880000E+02
   0.266278E+01   0.960000E+02
   0.262165E+01   0.104000E+03
   0.258320E+01   0.112000E+03
   0.254695E+01   0.120000E+03
   0.251250E+01   0.128000E+03
   0.248006E+01   0.136000E+03
   0.244934E+01   0.144000E+03
   0.241986E+01   0.152000E+03
   0.239205E+01   0.160000E+03
   0.236602E+01   0.168000E+03
   0.234170E+01   0.176000E+03
   0.231884E+01   0.184000E+03
   0.229691E+01   0.192000E+03
   0.227564E+01   0.200000E+03
   0.225472E+01   0.208000E+03
   0.223422E+01   0.216000E+03
   0.221384E+01   0.224000E+03
   0.219333E+01   0.232000E+03
   0.217234E+01   0.240000E+03
   0.215103E+01   0.248000E+03
   0.212977E+01   0.256000E+03
   0.210856E+01   0.264000E+03
   0.208742E+01   0.272000E+03
   0.206637E+01   0.280000E+03
   0.204565E+01   0.288000E+03
   0.202544E+01   0.296000E+03
   0.200582E+01   0.304000E+03
   0.198669E+01   0.312000E+03
   0.196822E+01   0.320000E+03
   0.195073E+01   0.328000E+03
   0.193460E+01   0.336000E+03
   0.191966E+01   0.344000E+03
   0.190537E+01   0.352000E+03
   0.189140E+01   0.360000E+03
   0.187748E+01   0.368000E+03
   0.186349E+01   0.376000E+03
   0.184941E+01   0.384000E+03
   0.183537E+01   0.392000E+03
   0.182149E+01   0.400000E+03
   0.180823E+01   0.408000E+03
   0.179571E+01   0.416000E+03
   0.178362E+01   0.424000E+03
   0.177172E+01   0.432000E+03
   0.175994E+01   0.440000E+03
   0.174819E+01   0.448000E+03
   0.173661E+01   0.456000E+03
   0.172540E+01   0.464000E+03
   0.171459E+01   0.472000E+03
   0.170421E+01   0.480000E+03
   0.169461E+01   0.488000E+03
   0.168606E+01   0.496000E+03
   0.167858E+01   0.504000E+03
   0.167180E+01   0.512000E+03
   0.166490E+01   0.520000E+03
   0.165767E+01   0.528000E+03
   0.165049E+01   0.536000E+03
   0.164330E+01   0.544000E+03
   0.163568E+01   0.552000E+03
   0.162756E+01   0.560000E+03
   0.161907E+01   0.568000E+03
   0.161053E+01   0.576000E+03
   0.160213E+01   0.584000E+03
   0.159385E+01   0.592000E+03
   0.158563E+01   0.600000E+03
   0.157761E+01   0.608000E+03
   0.156961E+01   0.616000E+03
   0.156145E+01   0.624000E+03
   0.155322E+01   0.632000E+03
   0.154508E+01   0.640000E+03
   0.153704E+01   0.648000E+03
   0.152921E+01   0.656000E+03
   0.152149E+01   0.664000E+03
   0.151376E+01   0.672000E+03
   0.150619E+01   0.680000E+03
   0.149904E+01   0.688000E+03
   0.149247E+01   0.696000E+03
   0.148648E+01   0.704000E+03
   0.148086E+01   0.712000E+03
   0.147535E+01   0.720000E+03
   0.146989E+01   0.728000E+03
   0.146461E+01   0.736000E+03
   0.145986E+01   0.744000E+03
   0.145599E+01   0.752000E+03
   0.145292E+01   0.760000E+03
   0.145025E+01   0.768000E+03
   0.144782E+01   0.776000E+03
   0.144557E+01   0.784000E+03
   0.144356E+01   0.792000E+03
   0.144188E+01   0.800000E+03
   0.144078E+01   0.808000E+03
   0.144023E+01   0.816000E+03
   0.143985E+01   0.824000E+03
   0.143920E+01   0.832000E+03
   0.143811E+01   0.840000E+03
   0.143674E+01   0.848000E+03
   0.143493E+01   0.856000E+03
   0.143249E+01   0.864000E+03
   0.142945E+01   0.872000E+03
   0.142622E+01   0.880000E+03
   0.142288E+01   0.888000E+03
   0.141902E+01   0.896000E+03
   0.141423E+01   0.904000E+03
   0.140866E+01   0.912000E+03
   0.140260E+01   0.920000E+03
   0.139612E+01   0.928000E+03
   0.138914E+01   0.936000E+03
   0.138180E+01   0.944000E+03
   0.137390E+01   0.952000E+03
   0.136532E+01   0.960000E+03
   0.135617E+01   0.968000E+03
   0.134654E+01   0.976000E+03
   0.133656E+01   0.984000E+03
   0.132599E+01   0.992000E+03
   0.131455E+01   0.100000E+04
   0.130241E+01   0.100800E+04
   0.128965E+01   0.101600E+04
   0.127643E+01   0.102400E+04
   0.126288E+01   0.103200E+04
   0.124923E+01   0.104000E+04
   0.123555E+01   0.104800E+04
   0.122153E+01   0.105600E+04
   0.120683E+01   0.106400E+04
   0.119143E+01   0.107200E+04
   0.117554E+01   0.108000E+04
   0.115917E+01   0.108800E+04
   0.114221E+01   0.109600E+04
   0.112464E+01   0.110400E+04
   0.110619E+01   0.111200E+04
   0.108668E+01   0.112000E+04
   0.106624E+01   0.112800E+04
   0.104549E+01   0.113600E+04
   0.102510E+01   0.114400E+04
   0.100549E+01   0.115200E+04
   0.986960E+00   0.116000E+04
   0.970140E+00   0.116800E+04
   0.955914E+00   0.117600E+04
   0.944901E+00   0.118400E+04
   0.937860E+00   0.119200E+04
   0.935475E+00   0.120000E+04
   0.938734E+00   0.120800E+04
   0.948605E+00   0.121600E+04
   0.964953E+00   0.122400E+04
   0.987306E+00   0.123200E+04
   0.101480E+01   0.124000E+04
   0.104449E+01   0.124800E+04
   0.107129E+01   0.125600E+04
   0.108998E+01   0.126400E+04
   0.109498E+01   0.127200E+04
   0.108162E+01   0.128000E+04
   0.104822E+01   0.128800E+04
   0.994227E+00   0.129600E+04
   0.921568E+00   0.130400E+04
   0.835138E+00   0.131200E+04
   0.740446E+00   0.132000E+04
   0.643519E+00   0.132800E+04
   0.550684E+00   0.133600E+04
   0.468508E+00   0.134400E+04
   0.402325E+00   0.135200E+04
   0.352975E+00   0.136000E+04
   0.317989E+00   0.136800E+04
   0.293886E+00   0.137600E+04
   0.276724E+00   0.138400E+04
   0.263070E+00   0.139200E+04
   0.250780E+00   0.140000E+04
   0.238684E+00   0.140800E+04
   0.226621E+00   0.141600E+04
   0.214859E+00   0.142400E+04
   0.203643E+00   0.143200E+04
   0.193110E+00   0.144000E+04
   0.183250E+00   0.144800E+04
   0.174027E+00   0.145600E+04
   0.165405E+00   0.146400E+04
   0.157326E+00   0.147200E+04
   0.149741E+00   0.148000E+04
   0.142625E+00   0.148800E+04
   0.135938E+00   0.149600E+04
   0.129643E+00   0.150400E+04
   0.123708E+00   0.151200E+04
   0.118111E+00   0.152000E+04
   0.112829E+00   0.152800E+04
   0.107848E+00   0.153600E+04
   0.103147E+00   0.154400E+04
   0.987109E-01   0.155200E+04
   0.945234E-01   0.156000E+04
   0.905720E-01   0.156800E+04
   0.868426E-01   0.157600E+04
   0.833220E-01   0.158400E+04
   0.799996E-01   0.159200E+04
   0.768639E-01   0.160000E+04
   0.739040E-01   0.160800E+04
   0.711107E-01   0.161600E+04
   0.684769E-01   0.162400E+04
   0.659934E-01   0.163200E+04
   0.636522E-01   0.164000E+04
   0.614444E-01   0.164800E+04
   0.593610E-01   0.165600E+04
   0.573924E-01   0.166400E+04
   0.555288E-01   0.167200E+04
   0.537597E-01   0.168000E+04
   0.520761E-01   0.168800E+04
   0.504699E-01   0.169600E+04
   0.489353E-01   0.170400E+04
   0.474699E-01   0.171200E+04
   0.460707E-01   0.172000E+04
   0.447381E-01   0.172800E+04
   0.434722E-01   0.173600E+04
   0.422725E-01   0.174400E+04
   0.411377E-01   0.175200E+04
   0.400654E-01   0.176000E+04
   0.390538E-01   0.176800E+04
   0.381004E-01   0.177600E+04
   0.372036E-01   0.178400E+04
   0.363612E-01   0.179200E+04
   0.355706E-01   0.180000E+04
   0.348286E-01   0.180800E+04
   0.341315E-01   0.181600E+04
   0.334753E-01   0.182400E+04
   0.328564E-01   0.183200E+04
   0.322715E-01   0.184000E+04
   0.317179E-01   0.184800E+04
   0.311923E-01   0.185600E+04
   0.306921E-01   0.186400E+04
   0.302148E-01   0.187200E+04
   0.297607E-01   0.188000E+04
   0.293277E-01   0.188800E+04
   0.289192E-01   0.189600E+04
   0.285325E-01   0.190400E+04
   0.281718E-01   0.191200E+04
   0.278341E-01   0.192000E+04
   0.275194E-01   0.192800E+04
   0.272261E-01   0.193600E+04
   0.269486E-01   0.194400E+04
   0.266911E-01   0.195200E+04
   0.264495E-01   0.196000E+04
   0.262204E-01   0.196800E+04
   0.260079E-01   0.197600E+04
   0.258112E-01   0.198400E+04
   0.256307E-01   0.199200E+04
   0.254733E-01   0.200000E+04
   0.253481E-01   0.200800E+04
   0.252430E-01   0.201600E+04
   0.251877E-01   0.202400E+04
   0.251585E-01   0.203200E+04
   0.252002E-01   0.204000E+04
   0.254684E-01   0.204800E+04
