#TKELE TKESGS TKETOT zu
   0.130313E+01   0.148203E+01   0.278516E+01   0.400000E+01
   0.273788E+01   0.116856E+01   0.390644E+01   0.120000E+02
   0.332616E+01   0.688771E+00   0.401493E+01   0.200000E+02
   0.331236E+01   0.458645E+00   0.377100E+01   0.280000E+02
   0.321958E+01   0.359995E+00   0.357958E+01   0.360000E+02
   0.311950E+01   0.302865E+00   0.342237E+01   0.440000E+02
   0.303385E+01   0.264507E+00   0.329836E+01   0.520000E+02
   0.295632E+01   0.236429E+00   0.319275E+01   0.600000E+02
   0.289057E+01   0.214823E+00   0.310539E+01   0.680000E+02
   0.283088E+01   0.197458E+00   0.302833E+01   0.760000E+02
   0.277736E+01   0.183219E+00   0.296058E+01   0.840000E+02
   0.272747E+01   0.171290E+00   0.289876E+01   0.920000E+02
   0.268168E+01   0.161105E+00   0.284279E+01   0.100000E+03
   0.263930E+01   0.152291E+00   0.279159E+01   0.108000E+03
   0.259983E+01   0.144584E+00   0.274441E+01   0.116000E+03
   0.256251E+01   0.137754E+00   0.270026E+01   0.124000E+03
   0.252724E+01   0.131636E+00   0.265888E+01   0.132000E+03
   0.249434E+01   0.126111E+00   0.262045E+01   0.140000E+03
   0.246283E+01   0.121098E+00   0.258393E+01   0.148000E+03
   0.243275E+01   0.116510E+00   0.254926E+01   0.156000E+03
   0.240483E+01   0.112309E+00   0.251714E+01   0.164000E+03
   0.237852E+01   0.108471E+00   0.248699E+01   0.172000E+03
   0.235423E+01   0.104956E+00   0.245918E+01   0.180000E+03
   0.233098E+01   0.101733E+00   0.243272E+01   0.188000E+03
   0.230873E+01   0.987864E-01   0.240752E+01   0.196000E+03
   0.228697E+01   0.960906E-01   0.238306E+01   0.204000E+03
   0.226566E+01   0.936140E-01   0.235928E+01   0.212000E+03
   0.224486E+01   0.913115E-01   0.233617E+01   0.220000E+03
   0.222385E+01   0.891287E-01   0.231298E+01   0.228000E+03
   0.220271E+01   0.870671E-01   0.228977E+01   0.236000E+03
   0.218095E+01   0.851203E-01   0.226607E+01   0.244000E+03
   0.215917E+01   0.832640E-01   0.224243E+01   0.252000E+03
   0.213747E+01   0.815194E-01   0.221899E+01   0.260000E+03
   0.211596E+01   0.799017E-01   0.219586E+01   0.268000E+03
   0.209452E+01   0.783989E-01   0.217291E+01   0.276000E+03
   0.207320E+01   0.769784E-01   0.215018E+01   0.284000E+03
   0.205239E+01   0.756498E-01   0.212804E+01   0.292000E+03
   0.203219E+01   0.744198E-01   0.210661E+01   0.300000E+03
   0.201256E+01   0.732547E-01   0.208581E+01   0.308000E+03
   0.199339E+01   0.721236E-01   0.206552E+01   0.316000E+03
   0.197506E+01   0.710323E-01   0.204609E+01   0.324000E+03
   0.195790E+01   0.699939E-01   0.202789E+01   0.332000E+03
   0.194231E+01   0.690107E-01   0.201132E+01   0.340000E+03
   0.192755E+01   0.680767E-01   0.199563E+01   0.348000E+03
   0.191334E+01   0.671954E-01   0.198054E+01   0.356000E+03
   0.189924E+01   0.663890E-01   0.196563E+01   0.364000E+03
   0.188519E+01   0.656582E-01   0.195085E+01   0.372000E+03
   0.187100E+01   0.649685E-01   0.193597E+01   0.380000E+03
   0.185675E+01   0.642885E-01   0.192103E+01   0.388000E+03
   0.184257E+01   0.636348E-01   0.190620E+01   0.396000E+03
   0.182869E+01   0.630167E-01   0.189171E+01   0.404000E+03
   0.181577E+01   0.624126E-01   0.187818E+01   0.412000E+03
   0.180339E+01   0.618182E-01   0.186521E+01   0.420000E+03
   0.179127E+01   0.612431E-01   0.185251E+01   0.428000E+03
   0.177931E+01   0.606900E-01   0.184000E+01   0.436000E+03
   0.176749E+01   0.601506E-01   0.182764E+01   0.444000E+03
   0.175562E+01   0.596141E-01   0.181523E+01   0.452000E+03
   0.174408E+01   0.590901E-01   0.180317E+01   0.460000E+03
   0.173294E+01   0.586045E-01   0.179154E+01   0.468000E+03
   0.172227E+01   0.581590E-01   0.178043E+01   0.476000E+03
   0.171205E+01   0.577271E-01   0.176978E+01   0.484000E+03
   0.170290E+01   0.573002E-01   0.176020E+01   0.492000E+03
   0.169476E+01   0.568882E-01   0.175165E+01   0.500000E+03
   0.168774E+01   0.564904E-01   0.174423E+01   0.508000E+03
   0.168101E+01   0.561053E-01   0.173711E+01   0.516000E+03
   0.167380E+01   0.557231E-01   0.172952E+01   0.524000E+03
   0.166638E+01   0.553406E-01   0.172172E+01   0.532000E+03
   0.165925E+01   0.549723E-01   0.171422E+01   0.540000E+03
   0.165186E+01   0.546257E-01   0.170649E+01   0.548000E+03
   0.164393E+01   0.542815E-01   0.169822E+01   0.556000E+03
   0.163546E+01   0.539319E-01   0.168940E+01   0.564000E+03
   0.162682E+01   0.535855E-01   0.168041E+01   0.572000E+03
   0.161828E+01   0.532288E-01   0.167151E+01   0.580000E+03
   0.160990E+01   0.528601E-01   0.166276E+01   0.588000E+03
   0.160156E+01   0.524981E-01   0.165406E+01   0.596000E+03
   0.159337E+01   0.521436E-01   0.164551E+01   0.604000E+03
   0.158534E+01   0.518016E-01   0.163714E+01   0.612000E+03
   0.157725E+01   0.514734E-01   0.162873E+01   0.620000E+03
   0.156890E+01   0.511498E-01   0.162005E+01   0.628000E+03
   0.156072E+01   0.508216E-01   0.161154E+01   0.636000E+03
   0.155250E+01   0.504724E-01   0.160297E+01   0.644000E+03
   0.154448E+01   0.501196E-01   0.159459E+01   0.652000E+03
   0.153671E+01   0.497883E-01   0.158650E+01   0.660000E+03
   0.152892E+01   0.494826E-01   0.157840E+01   0.668000E+03
   0.152114E+01   0.491870E-01   0.157033E+01   0.676000E+03
   0.151367E+01   0.489054E-01   0.156257E+01   0.684000E+03
   0.150675E+01   0.486538E-01   0.155541E+01   0.692000E+03
   0.150044E+01   0.484091E-01   0.154885E+01   0.700000E+03
   0.149466E+01   0.481538E-01   0.154281E+01   0.708000E+03
   0.148908E+01   0.479082E-01   0.153698E+01   0.716000E+03
   0.148356E+01   0.476768E-01   0.153124E+01   0.724000E+03
   0.147808E+01   0.474541E-01   0.152553E+01   0.732000E+03
   0.147292E+01   0.472302E-01   0.152015E+01   0.740000E+03
   0.146848E+01   0.469982E-01   0.151548E+01   0.748000E+03
   0.146508E+01   0.467718E-01   0.151185E+01   0.756000E+03
   0.146226E+01   0.465552E-01   0.150882E+01   0.764000E+03
   0.145968E+01   0.463471E-01   0.150603E+01   0.772000E+03
   0.145729E+01   0.461490E-01   0.150344E+01   0.780000E+03
   0.145510E+01   0.459597E-01   0.150106E+01   0.788000E+03
   0.145313E+01   0.457802E-01   0.149891E+01   0.796000E+03
   0.145165E+01   0.456105E-01   0.149726E+01   0.804000E+03
   0.145090E+01   0.454397E-01   0.149634E+01   0.812000E+03
   0.145047E+01   0.452631E-01   0.149574E+01   0.820000E+03
   0.145007E+01   0.450816E-01   0.149515E+01   0.828000E+03
   0.144911E+01   0.449001E-01   0.149401E+01   0.836000E+03
   0.144786E+01   0.447148E-01   0.149258E+01   0.844000E+03
   0.144630E+01   0.445322E-01   0.149084E+01   0.852000E+03
   0.144424E+01   0.443532E-01   0.148859E+01   0.860000E+03
   0.144137E+01   0.441632E-01   0.148554E+01   0.868000E+03
   0.143813E+01   0.439563E-01   0.148208E+01   0.876000E+03
   0.143481E+01   0.437283E-01   0.147854E+01   0.884000E+03
   0.143137E+01   0.434801E-01   0.147485E+01   0.892000E+03
   0.142699E+01   0.432108E-01   0.147020E+01   0.900000E+03
   0.142170E+01   0.429231E-01   0.146462E+01   0.908000E+03
   0.141578E+01   0.426298E-01   0.145841E+01   0.916000E+03
   0.140951E+01   0.423313E-01   0.145184E+01   0.924000E+03
   0.140266E+01   0.420366E-01   0.144470E+01   0.932000E+03
   0.139547E+01   0.417671E-01   0.143724E+01   0.940000E+03
   0.138793E+01   0.415050E-01   0.142944E+01   0.948000E+03
   0.137962E+01   0.412322E-01   0.142086E+01   0.956000E+03
   0.137069E+01   0.409530E-01   0.141164E+01   0.964000E+03
   0.136126E+01   0.406688E-01   0.140193E+01   0.972000E+03
   0.135136E+01   0.403784E-01   0.139174E+01   0.980000E+03
   0.134124E+01   0.400754E-01   0.138131E+01   0.988000E+03
   0.133011E+01   0.397678E-01   0.136988E+01   0.996000E+03
   0.131829E+01   0.394618E-01   0.135775E+01   0.100400E+04
   0.130577E+01   0.391475E-01   0.134491E+01   0.101200E+04
   0.129274E+01   0.388279E-01   0.133157E+01   0.102000E+04
   0.127931E+01   0.385039E-01   0.131781E+01   0.102800E+04
   0.126563E+01   0.381626E-01   0.130380E+01   0.103600E+04
   0.125194E+01   0.378002E-01   0.128974E+01   0.104400E+04
   0.123820E+01   0.374475E-01   0.127565E+01   0.105200E+04
   0.122392E+01   0.371131E-01   0.126103E+01   0.106000E+04
   0.120880E+01   0.367792E-01   0.124558E+01   0.106800E+04
   0.119312E+01   0.364357E-01   0.122956E+01   0.107600E+04
   0.117703E+01   0.360793E-01   0.121311E+01   0.108400E+04
   0.116042E+01   0.357092E-01   0.119613E+01   0.109200E+04
   0.114322E+01   0.353163E-01   0.117854E+01   0.110000E+04
   0.112535E+01   0.348962E-01   0.116025E+01   0.110800E+04
   0.110643E+01   0.344487E-01   0.114088E+01   0.111600E+04
   0.108646E+01   0.339824E-01   0.112044E+01   0.112400E+04
   0.106573E+01   0.335079E-01   0.109924E+01   0.113200E+04
   0.104522E+01   0.330333E-01   0.107825E+01   0.114000E+04
   0.102534E+01   0.325575E-01   0.105789E+01   0.114800E+04
   0.100646E+01   0.320817E-01   0.103854E+01   0.115600E+04
   0.988831E+00   0.316233E-01   0.102045E+01   0.116400E+04
   0.973531E+00   0.311862E-01   0.100472E+01   0.117200E+04
   0.961250E+00   0.307592E-01   0.992009E+00   0.118000E+04
   0.952511E+00   0.303488E-01   0.982860E+00   0.118800E+04
   0.948302E+00   0.299598E-01   0.978261E+00   0.119600E+04
   0.949005E+00   0.295705E-01   0.978575E+00   0.120400E+04
   0.956187E+00   0.291591E-01   0.985346E+00   0.121200E+04
   0.970174E+00   0.287069E-01   0.998881E+00   0.122000E+04
   0.990299E+00   0.281923E-01   0.101849E+01   0.122800E+04
   0.101635E+01   0.275876E-01   0.104394E+01   0.123600E+04
   0.104659E+01   0.268545E-01   0.107345E+01   0.124400E+04
   0.107653E+01   0.259665E-01   0.110250E+01   0.125200E+04
   0.110088E+01   0.249395E-01   0.112582E+01   0.126000E+04
   0.111456E+01   0.237887E-01   0.113835E+01   0.126800E+04
   0.111135E+01   0.224754E-01   0.113383E+01   0.127600E+04
   0.108820E+01   0.209444E-01   0.110915E+01   0.128400E+04
   0.104460E+01   0.192440E-01   0.106385E+01   0.129200E+04
   0.980283E+00   0.173913E-01   0.997674E+00   0.130000E+04
   0.899109E+00   0.153555E-01   0.914465E+00   0.130800E+04
   0.806861E+00   0.131995E-01   0.820060E+00   0.131600E+04
   0.708628E+00   0.110187E-01   0.719647E+00   0.132400E+04
   0.611076E+00   0.895227E-02   0.620028E+00   0.133200E+04
   0.520446E+00   0.713616E-02   0.527583E+00   0.134000E+04
   0.443469E+00   0.561926E-02   0.449088E+00   0.134800E+04
   0.383887E+00   0.442470E-02   0.388312E+00   0.135600E+04
   0.340494E+00   0.353327E-02   0.344027E+00   0.136400E+04
   0.310051E+00   0.286186E-02   0.312913E+00   0.137200E+04
   0.289002E+00   0.235188E-02   0.291354E+00   0.138000E+04
   0.273132E+00   0.196004E-02   0.275092E+00   0.138800E+04
   0.259722E+00   0.164814E-02   0.261371E+00   0.139600E+04
   0.247134E+00   0.138979E-02   0.248524E+00   0.140400E+04
   0.234532E+00   0.116385E-02   0.235696E+00   0.141200E+04
   0.222235E+00   0.959875E-03   0.223195E+00   0.142000E+04
   0.210376E+00   0.777451E-03   0.211154E+00   0.142800E+04
   0.199267E+00   0.618530E-03   0.199886E+00   0.143600E+04
   0.188856E+00   0.485059E-03   0.189341E+00   0.144400E+04
   0.179155E+00   0.376136E-03   0.179531E+00   0.145200E+04
   0.170084E+00   0.289439E-03   0.170373E+00   0.146000E+04
   0.161644E+00   0.221278E-03   0.161865E+00   0.146800E+04
   0.153716E+00   0.167893E-03   0.153884E+00   0.147600E+04
   0.146309E+00   0.126158E-03   0.146436E+00   0.148400E+04
   0.139361E+00   0.935622E-04   0.139454E+00   0.149200E+04
   0.132845E+00   0.682304E-04   0.132913E+00   0.150000E+04
   0.126707E+00   0.487443E-04   0.126756E+00   0.150800E+04
   0.120929E+00   0.339775E-04   0.120963E+00   0.151600E+04
   0.115481E+00   0.230504E-04   0.115504E+00   0.152400E+04
   0.110343E+00   0.151863E-04   0.110358E+00   0.153200E+04
   0.105498E+00   0.971635E-05   0.105508E+00   0.154000E+04
   0.100928E+00   0.604363E-05   0.100934E+00   0.154800E+04
   0.966145E-01   0.366118E-05   0.966182E-01   0.155600E+04
   0.925447E-01   0.216617E-05   0.925469E-01   0.156400E+04
   0.887040E-01   0.125727E-05   0.887053E-01   0.157200E+04
   0.850794E-01   0.719636E-06   0.850801E-01   0.158000E+04
   0.816580E-01   0.408632E-06   0.816584E-01   0.158800E+04
   0.784296E-01   0.232004E-06   0.784298E-01   0.159600E+04
   0.753825E-01   0.132727E-06   0.753826E-01   0.160400E+04
   0.725059E-01   0.768438E-07   0.725060E-01   0.161200E+04
   0.697928E-01   0.451188E-07   0.697929E-01   0.162000E+04
   0.672349E-01   0.268440E-07   0.672349E-01   0.162800E+04
   0.648233E-01   0.161730E-07   0.648233E-01   0.163600E+04
   0.625496E-01   0.988252E-08   0.625496E-01   0.164400E+04
   0.604048E-01   0.616570E-08   0.604048E-01   0.165200E+04
   0.583800E-01   0.397628E-08   0.583800E-01   0.166000E+04
   0.564652E-01   0.269575E-08   0.564652E-01   0.166800E+04
   0.546502E-01   0.195420E-08   0.546502E-01   0.167600E+04
   0.529250E-01   0.152955E-08   0.529250E-01   0.168400E+04
   0.512809E-01   0.128939E-08   0.512809E-01   0.169200E+04
   0.497110E-01   0.115531E-08   0.497110E-01   0.170000E+04
   0.482110E-01   0.108150E-08   0.482110E-01   0.170800E+04
   0.467780E-01   0.104146E-08   0.467780E-01   0.171600E+04
   0.454115E-01   0.102010E-08   0.454115E-01   0.172400E+04
   0.441118E-01   0.100906E-08   0.441118E-01   0.173200E+04
   0.428787E-01   0.100366E-08   0.428787E-01   0.174000E+04
   0.417113E-01   0.100124E-08   0.417113E-01   0.174800E+04
   0.406079E-01   0.100031E-08   0.406079E-01   0.175600E+04
   0.395658E-01   0.100005E-08   0.395658E-01   0.176400E+04
   0.385833E-01   0.100000E-08   0.385833E-01   0.177200E+04
   0.376582E-01   0.999999E-09   0.376582E-01   0.178000E+04
   0.367888E-01   0.999999E-09   0.367888E-01   0.178800E+04
   0.359723E-01   0.999999E-09   0.359723E-01   0.179600E+04
   0.352066E-01   0.100000E-08   0.352066E-01   0.180400E+04
   0.344876E-01   0.100009E-08   0.344876E-01   0.181200E+04
   0.338116E-01   0.100054E-08   0.338116E-01   0.182000E+04
   0.331743E-01   0.100199E-08   0.331743E-01   0.182800E+04
   0.325732E-01   0.100542E-08   0.325732E-01   0.183600E+04
   0.320046E-01   0.101226E-08   0.320046E-01   0.184400E+04
   0.314654E-01   0.102441E-08   0.314654E-01   0.185200E+04
   0.309534E-01   0.104477E-08   0.309534E-01   0.186000E+04
   0.304647E-01   0.107785E-08   0.304647E-01   0.186800E+04
   0.299989E-01   0.113018E-08   0.299989E-01   0.187600E+04
   0.295568E-01   0.121100E-08   0.295568E-01   0.188400E+04
   0.291335E-01   0.133457E-08   0.291335E-01   0.189200E+04
   0.287404E-01   0.152362E-08   0.287404E-01   0.190000E+04
   0.283611E-01   0.181445E-08   0.283611E-01   0.190800E+04
   0.280197E-01   0.226579E-08   0.280197E-01   0.191600E+04
   0.276872E-01   0.297874E-08   0.276872E-01   0.192400E+04
   0.273912E-01   0.413742E-08   0.273912E-01   0.193200E+04
   0.271029E-01   0.608800E-08   0.271029E-01   0.194000E+04
   0.268384E-01   0.955590E-08   0.268385E-01   0.194800E+04
   0.265905E-01   0.160001E-07   0.265905E-01   0.195600E+04
   0.263602E-01   0.307550E-07   0.263602E-01   0.196400E+04
   0.261369E-01   0.544880E-07   0.261370E-01   0.197200E+04
   0.259431E-01   0.903676E-07   0.259432E-01   0.198000E+04
   0.257513E-01   0.156862E-06   0.257515E-01   0.198800E+04
   0.255936E-01   0.280133E-06   0.255939E-01   0.199600E+04
   0.254500E-01   0.528480E-06   0.254505E-01   0.200400E+04
   0.253620E-01   0.102778E-05   0.253630E-01   0.201200E+04
   0.252626E-01   0.232243E-05   0.252649E-01   0.202000E+04
   0.252818E-01   0.408434E-05   0.252859E-01   0.202800E+04
   0.252319E-01   0.105274E-04   0.252424E-01   0.203600E+04
   0.254343E-01   0.808682E-05   0.254424E-01   0.204400E+04
