#TKEWLE zw
   0.201042E+01   0.800000E+01
   0.303199E+01   0.160000E+02
   0.332237E+01   0.240000E+02
   0.326994E+01   0.320000E+02
   0.317297E+01   0.400000E+02
   0.307931E+01   0.480000E+02
   0.299697E+01   0.560000E+02
   0.292467E+01   0.640000E+02
   0.286149E+01   0.720000E+02
   0.280467E+01   0.800000E+02
   0.275285E+01   0.880000E+02
   0.270483E+01   0.960000E+02
   0.266061E+01   0.104000E+03
   0.261968E+01   0.112000E+03
   0.258126E+01   0.120000E+03
   0.254493E+01   0.128000E+03
   0.251080E+01   0.136000E+03
   0.247859E+01   0.144000E+03
   0.244781E+01   0.152000E+03
   0.241880E+01   0.160000E+03
   0.239167E+01   0.168000E+03
   0.236638E+01   0.176000E+03
   0.234264E+01   0.184000E+03
   0.231988E+01   0.192000E+03
   0.229787E+01   0.200000E+03
   0.227636E+01   0.208000E+03
   0.225531E+01   0.216000E+03
   0.223439E+01   0.224000E+03
   0.221331E+01   0.232000E+03
   0.219185E+01   0.240000E+03
   0.217006E+01   0.248000E+03
   0.214832E+01   0.256000E+03
   0.212673E+01   0.264000E+03
   0.210524E+01   0.272000E+03
   0.208385E+01   0.280000E+03
   0.206280E+01   0.288000E+03
   0.204231E+01   0.296000E+03
   0.202240E+01   0.304000E+03
   0.200301E+01   0.312000E+03
   0.198426E+01   0.320000E+03
   0.196652E+01   0.328000E+03
   0.195013E+01   0.336000E+03
   0.193496E+01   0.344000E+03
   0.192047E+01   0.352000E+03
   0.190631E+01   0.360000E+03
   0.189223E+01   0.368000E+03
   0.187812E+01   0.376000E+03
   0.186391E+01   0.384000E+03
   0.184970E+01   0.392000E+03
   0.183567E+01   0.400000E+03
   0.182228E+01   0.408000E+03
   0.180961E+01   0.416000E+03
   0.179736E+01   0.424000E+03
   0.178533E+01   0.432000E+03
   0.177343E+01   0.440000E+03
   0.176158E+01   0.448000E+03
   0.174987E+01   0.456000E+03
   0.173852E+01   0.464000E+03
   0.172763E+01   0.472000E+03
   0.171718E+01   0.480000E+03
   0.170750E+01   0.488000E+03
   0.169886E+01   0.496000E+03
   0.169129E+01   0.504000E+03
   0.168442E+01   0.512000E+03
   0.167745E+01   0.520000E+03
   0.167014E+01   0.528000E+03
   0.166287E+01   0.536000E+03
   0.165562E+01   0.544000E+03
   0.164795E+01   0.552000E+03
   0.163978E+01   0.560000E+03
   0.163122E+01   0.568000E+03
   0.162261E+01   0.576000E+03
   0.161415E+01   0.584000E+03
   0.160578E+01   0.592000E+03
   0.159752E+01   0.600000E+03
   0.158941E+01   0.608000E+03
   0.158134E+01   0.616000E+03
   0.157312E+01   0.624000E+03
   0.156486E+01   0.632000E+03
   0.155666E+01   0.640000E+03
   0.154852E+01   0.648000E+03
   0.154062E+01   0.656000E+03
   0.153284E+01   0.664000E+03
   0.152505E+01   0.672000E+03
   0.151742E+01   0.680000E+03
   0.151022E+01   0.688000E+03
   0.150361E+01   0.696000E+03
   0.149758E+01   0.704000E+03
   0.149191E+01   0.712000E+03
   0.148636E+01   0.720000E+03
   0.148087E+01   0.728000E+03
   0.147555E+01   0.736000E+03
   0.147073E+01   0.744000E+03
   0.146679E+01   0.752000E+03
   0.146368E+01   0.760000E+03
   0.146097E+01   0.768000E+03
   0.145848E+01   0.776000E+03
   0.145620E+01   0.784000E+03
   0.145416E+01   0.792000E+03
   0.145246E+01   0.800000E+03
   0.145134E+01   0.808000E+03
   0.145075E+01   0.816000E+03
   0.145033E+01   0.824000E+03
   0.144966E+01   0.832000E+03
   0.144854E+01   0.840000E+03
   0.144711E+01   0.848000E+03
   0.144528E+01   0.856000E+03
   0.144281E+01   0.864000E+03
   0.143976E+01   0.872000E+03
   0.143650E+01   0.880000E+03
   0.143314E+01   0.888000E+03
   0.142923E+01   0.896000E+03
   0.142438E+01   0.904000E+03
   0.141875E+01   0.912000E+03
   0.141265E+01   0.920000E+03
   0.140610E+01   0.928000E+03
   0.139908E+01   0.936000E+03
   0.139171E+01   0.944000E+03
   0.138379E+01   0.952000E+03
   0.137516E+01   0.960000E+03
   0.136596E+01   0.968000E+03
   0.135629E+01   0.976000E+03
   0.134628E+01   0.984000E+03
   0.133566E+01   0.992000E+03
   0.132419E+01   0.100000E+04
   0.131201E+01   0.100800E+04
   0.129922E+01   0.101600E+04
   0.128599E+01   0.102400E+04
   0.127243E+01   0.103200E+04
   0.125876E+01   0.104000E+04
   0.124504E+01   0.104800E+04
   0.123102E+01   0.105600E+04
   0.121632E+01   0.106400E+04
   0.120093E+01   0.107200E+04
   0.118507E+01   0.108000E+04
   0.116873E+01   0.108800E+04
   0.115181E+01   0.109600E+04
   0.113426E+01   0.110400E+04
   0.111586E+01   0.111200E+04
   0.109641E+01   0.112000E+04
   0.107604E+01   0.112800E+04
   0.105542E+01   0.113600E+04
   0.103522E+01   0.114400E+04
   0.101582E+01   0.115200E+04
   0.997557E+00   0.116000E+04
   0.981073E+00   0.116800E+04
   0.967269E+00   0.117600E+04
   0.956729E+00   0.118400E+04
   0.950237E+00   0.119200E+04
   0.948478E+00   0.120000E+04
   0.952414E+00   0.120800E+04
   0.962958E+00   0.121600E+04
   0.980010E+00   0.122400E+04
   0.100309E+01   0.123200E+04
   0.103124E+01   0.124000E+04
   0.106135E+01   0.124800E+04
   0.108851E+01   0.125600E+04
   0.110755E+01   0.126400E+04
   0.111285E+01   0.127200E+04
   0.109974E+01   0.128000E+04
   0.106644E+01   0.128800E+04
   0.101258E+01   0.129600E+04
   0.939937E+00   0.130400E+04
   0.853308E+00   0.131200E+04
   0.758146E+00   0.132000E+04
   0.660315E+00   0.132800E+04
   0.566245E+00   0.133600E+04
   0.482415E+00   0.134400E+04
   0.414072E+00   0.135200E+04
   0.362483E+00   0.136000E+04
   0.325456E+00   0.136800E+04
   0.299617E+00   0.137600E+04
   0.281073E+00   0.138400E+04
   0.266370E+00   0.139200E+04
   0.253330E+00   0.140000E+04
   0.240713E+00   0.140800E+04
   0.228260E+00   0.141600E+04
   0.216186E+00   0.142400E+04
   0.204710E+00   0.143200E+04
   0.193960E+00   0.144000E+04
   0.183913E+00   0.144800E+04
   0.174535E+00   0.145600E+04
   0.165788E+00   0.146400E+04
   0.157610E+00   0.147200E+04
   0.149949E+00   0.148000E+04
   0.142776E+00   0.148800E+04
   0.136048E+00   0.149600E+04
   0.129725E+00   0.150400E+04
   0.123771E+00   0.151200E+04
   0.118161E+00   0.152000E+04
   0.112871E+00   0.152800E+04
   0.107882E+00   0.153600E+04
   0.103177E+00   0.154400E+04
   0.987378E-01   0.155200E+04
   0.945483E-01   0.156000E+04
   0.905950E-01   0.156800E+04
   0.868642E-01   0.157600E+04
   0.833428E-01   0.158400E+04
   0.800195E-01   0.159200E+04
   0.768832E-01   0.160000E+04
   0.739227E-01   0.160800E+04
   0.711292E-01   0.161600E+04
   0.684949E-01   0.162400E+04
   0.660112E-01   0.163200E+04
   0.636696E-01   0.164000E+04
   0.614613E-01   0.164800E+04
   0.593772E-01   0.165600E+04
   0.574081E-01   0.166400E+04
   0.555439E-01   0.167200E+04
   0.537744E-01   0.168000E+04
   0.520904E-01   0.168800E+04
   0.504839E-01   0.169600E+04
   0.489495E-01   0.170400E+04
   0.474837E-01   0.171200E+04
   0.460844E-01   0.172000E+04
   0.447519E-01   0.172800E+04
   0.434860E-01   0.173600E+04
   0.422861E-01   0.174400E+04
   0.411511E-01   0.175200E+04
   0.400787E-01   0.176000E+04
   0.390667E-01   0.176800E+04
   0.381133E-01   0.177600E+04
   0.372164E-01   0.178400E+04
   0.363738E-01   0.179200E+04
   0.355830E-01   0.180000E+04
   0.348409E-01   0.180800E+04
   0.341437E-01   0.181600E+04
   0.334874E-01   0.182400E+04
   0.328684E-01   0.183200E+04
   0.322838E-01   0.184000E+04
   0.317301E-01   0.184800E+04
   0.312047E-01   0.185600E+04
   0.307045E-01   0.186400E+04
   0.302275E-01   0.187200E+04
   0.297736E-01   0.188000E+04
   0.293410E-01   0.188800E+04
   0.289329E-01   0.189600E+04
   0.285468E-01   0.190400E+04
   0.281867E-01   0.191200E+04
   0.278498E-01   0.192000E+04
   0.275358E-01   0.192800E+04
   0.272436E-01   0.193600E+04
   0.269674E-01   0.194400E+04
   0.267113E-01   0.195200E+04
   0.264723E-01   0.196000E+04
   0.262455E-01   0.196800E+04
   0.260366E-01   0.197600E+04
   0.258440E-01   0.198400E+04
   0.256687E-01   0.199200E+04
   0.255181E-01   0.200000E+04
   0.254015E-01   0.200800E+04
   0.253078E-01   0.201600E+04
   0.252678E-01   0.202400E+04
   0.252513E-01   0.203200E+04
   0.253156E-01   0.204000E+04
   0.000000E+00   0.204800E+04
