#TSKEW zw
   0.750654E-01   0.800000E+01
  -0.828245E-02   0.160000E+02
   0.206109E-01   0.240000E+02
   0.124593E+00   0.320000E+02
   0.245485E+00   0.400000E+02
   0.345361E+00   0.480000E+02
   0.424075E+00   0.560000E+02
   0.486558E+00   0.640000E+02
   0.538157E+00   0.720000E+02
   0.582012E+00   0.800000E+02
   0.620608E+00   0.880000E+02
   0.655429E+00   0.960000E+02
   0.687581E+00   0.104000E+03
   0.716620E+00   0.112000E+03
   0.743115E+00   0.120000E+03
   0.767645E+00   0.128000E+03
   0.790379E+00   0.136000E+03
   0.812366E+00   0.144000E+03
   0.833323E+00   0.152000E+03
   0.852435E+00   0.160000E+03
   0.870202E+00   0.168000E+03
   0.886570E+00   0.176000E+03
   0.901643E+00   0.184000E+03
   0.915604E+00   0.192000E+03
   0.928422E+00   0.200000E+03
   0.940233E+00   0.208000E+03
   0.951102E+00   0.216000E+03
   0.961573E+00   0.224000E+03
   0.971981E+00   0.232000E+03
   0.982169E+00   0.240000E+03
   0.991314E+00   0.248000E+03
   0.999004E+00   0.256000E+03
   0.100603E+01   0.264000E+03
   0.101254E+01   0.272000E+03
   0.101845E+01   0.280000E+03
   0.102352E+01   0.288000E+03
   0.102742E+01   0.296000E+03
   0.103070E+01   0.304000E+03
   0.103371E+01   0.312000E+03
   0.103659E+01   0.320000E+03
   0.103971E+01   0.328000E+03
   0.104273E+01   0.336000E+03
   0.104577E+01   0.344000E+03
   0.104890E+01   0.352000E+03
   0.105202E+01   0.360000E+03
   0.105497E+01   0.368000E+03
   0.105727E+01   0.376000E+03
   0.105862E+01   0.384000E+03
   0.105874E+01   0.392000E+03
   0.105809E+01   0.400000E+03
   0.105794E+01   0.408000E+03
   0.105777E+01   0.416000E+03
   0.105690E+01   0.424000E+03
   0.105548E+01   0.432000E+03
   0.105351E+01   0.440000E+03
   0.105077E+01   0.448000E+03
   0.104715E+01   0.456000E+03
   0.104275E+01   0.464000E+03
   0.103768E+01   0.472000E+03
   0.103200E+01   0.480000E+03
   0.102539E+01   0.488000E+03
   0.101800E+01   0.496000E+03
   0.100974E+01   0.504000E+03
   0.100052E+01   0.512000E+03
   0.990359E+00   0.520000E+03
   0.979541E+00   0.528000E+03
   0.968019E+00   0.536000E+03
   0.955740E+00   0.544000E+03
   0.942749E+00   0.552000E+03
   0.928848E+00   0.560000E+03
   0.914059E+00   0.568000E+03
   0.898573E+00   0.576000E+03
   0.882618E+00   0.584000E+03
   0.866002E+00   0.592000E+03
   0.848314E+00   0.600000E+03
   0.829441E+00   0.608000E+03
   0.809826E+00   0.616000E+03
   0.789865E+00   0.624000E+03
   0.769902E+00   0.632000E+03
   0.749897E+00   0.640000E+03
   0.729225E+00   0.648000E+03
   0.707468E+00   0.656000E+03
   0.684067E+00   0.664000E+03
   0.659564E+00   0.672000E+03
   0.634384E+00   0.680000E+03
   0.608858E+00   0.688000E+03
   0.583323E+00   0.696000E+03
   0.557988E+00   0.704000E+03
   0.533639E+00   0.712000E+03
   0.510685E+00   0.720000E+03
   0.488761E+00   0.728000E+03
   0.467979E+00   0.736000E+03
   0.448108E+00   0.744000E+03
   0.428691E+00   0.752000E+03
   0.410227E+00   0.760000E+03
   0.393005E+00   0.768000E+03
   0.377109E+00   0.776000E+03
   0.362697E+00   0.784000E+03
   0.350096E+00   0.792000E+03
   0.339011E+00   0.800000E+03
   0.328974E+00   0.808000E+03
   0.320002E+00   0.816000E+03
   0.312523E+00   0.824000E+03
   0.307308E+00   0.832000E+03
   0.304618E+00   0.840000E+03
   0.305148E+00   0.848000E+03
   0.309702E+00   0.856000E+03
   0.317957E+00   0.864000E+03
   0.329073E+00   0.872000E+03
   0.343248E+00   0.880000E+03
   0.360944E+00   0.888000E+03
   0.382888E+00   0.896000E+03
   0.409535E+00   0.904000E+03
   0.441473E+00   0.912000E+03
   0.478865E+00   0.920000E+03
   0.521869E+00   0.928000E+03
   0.569281E+00   0.936000E+03
   0.620406E+00   0.944000E+03
   0.676184E+00   0.952000E+03
   0.738093E+00   0.960000E+03
   0.804617E+00   0.968000E+03
   0.873416E+00   0.976000E+03
   0.943629E+00   0.984000E+03
   0.101512E+01   0.992000E+03
   0.108732E+01   0.100000E+04
   0.115962E+01   0.100800E+04
   0.123412E+01   0.101600E+04
   0.131385E+01   0.102400E+04
   0.139860E+01   0.103200E+04
   0.148410E+01   0.104000E+04
   0.157015E+01   0.104800E+04
   0.165569E+01   0.105600E+04
   0.173227E+01   0.106400E+04
   0.179812E+01   0.107200E+04
   0.185619E+01   0.108000E+04
   0.190794E+01   0.108800E+04
   0.195698E+01   0.109600E+04
   0.200189E+01   0.110400E+04
   0.204372E+01   0.111200E+04
   0.208188E+01   0.112000E+04
   0.212077E+01   0.112800E+04
   0.215923E+01   0.113600E+04
   0.218563E+01   0.114400E+04
   0.218518E+01   0.115200E+04
   0.215450E+01   0.116000E+04
   0.210024E+01   0.116800E+04
   0.203013E+01   0.117600E+04
   0.194842E+01   0.118400E+04
   0.186354E+01   0.119200E+04
   0.178093E+01   0.120000E+04
   0.169696E+01   0.120800E+04
   0.160582E+01   0.121600E+04
   0.150487E+01   0.122400E+04
   0.139217E+01   0.123200E+04
   0.126633E+01   0.124000E+04
   0.112789E+01   0.124800E+04
   0.981156E+00   0.125600E+04
   0.829130E+00   0.126400E+04
   0.673079E+00   0.127200E+04
   0.513315E+00   0.128000E+04
   0.347388E+00   0.128800E+04
   0.172317E+00   0.129600E+04
  -0.144469E-01   0.130400E+04
  -0.214927E+00   0.131200E+04
  -0.432906E+00   0.132000E+04
  -0.673214E+00   0.132800E+04
  -0.940837E+00   0.133600E+04
  -0.124327E+01   0.134400E+04
  -0.159069E+01   0.135200E+04
  -0.199611E+01   0.136000E+04
  -0.246837E+01   0.136800E+04
  -0.300163E+01   0.137600E+04
  -0.355958E+01   0.138400E+04
  -0.403865E+01   0.139200E+04
  -0.419726E+01   0.140000E+04
  -0.373038E+01   0.140800E+04
  -0.265567E+01   0.141600E+04
  -0.151901E+01   0.142400E+04
  -0.740481E+00   0.143200E+04
  -0.350535E+00   0.144000E+04
  -0.208884E+00   0.144800E+04
  -0.177906E+00   0.145600E+04
  -0.177969E+00   0.146400E+04
  -0.179477E+00   0.147200E+04
  -0.174306E+00   0.148000E+04
  -0.164067E+00   0.148800E+04
  -0.153145E+00   0.149600E+04
  -0.144668E+00   0.150400E+04
  -0.139835E+00   0.151200E+04
  -0.138131E+00   0.152000E+04
  -0.138076E+00   0.152800E+04
  -0.138167E+00   0.153600E+04
  -0.137468E+00   0.154400E+04
  -0.135673E+00   0.155200E+04
  -0.132878E+00   0.156000E+04
  -0.129454E+00   0.156800E+04
  -0.125895E+00   0.157600E+04
  -0.122681E+00   0.158400E+04
  -0.120153E+00   0.159200E+04
  -0.118435E+00   0.160000E+04
  -0.117541E+00   0.160800E+04
  -0.117551E+00   0.161600E+04
  -0.118681E+00   0.162400E+04
  -0.121188E+00   0.163200E+04
  -0.125224E+00   0.164000E+04
  -0.130825E+00   0.164800E+04
  -0.137980E+00   0.165600E+04
  -0.146564E+00   0.166400E+04
  -0.156289E+00   0.167200E+04
  -0.166714E+00   0.168000E+04
  -0.177285E+00   0.168800E+04
  -0.187420E+00   0.169600E+04
  -0.196625E+00   0.170400E+04
  -0.204596E+00   0.171200E+04
  -0.211208E+00   0.172000E+04
  -0.216420E+00   0.172800E+04
  -0.220207E+00   0.173600E+04
  -0.222537E+00   0.174400E+04
  -0.223437E+00   0.175200E+04
  -0.223049E+00   0.176000E+04
  -0.221625E+00   0.176800E+04
  -0.219473E+00   0.177600E+04
  -0.216845E+00   0.178400E+04
  -0.213851E+00   0.179200E+04
  -0.210469E+00   0.180000E+04
  -0.206689E+00   0.180800E+04
  -0.202653E+00   0.181600E+04
  -0.198605E+00   0.182400E+04
  -0.194772E+00   0.183200E+04
  -0.191263E+00   0.184000E+04
  -0.188062E+00   0.184800E+04
  -0.185090E+00   0.185600E+04
  -0.182349E+00   0.186400E+04
  -0.179941E+00   0.187200E+04
  -0.177881E+00   0.188000E+04
  -0.176022E+00   0.188800E+04
  -0.174022E+00   0.189600E+04
  -0.171590E+00   0.190400E+04
  -0.168772E+00   0.191200E+04
  -0.165975E+00   0.192000E+04
  -0.164003E+00   0.192800E+04
  -0.164023E+00   0.193600E+04
  -0.167307E+00   0.194400E+04
  -0.174846E+00   0.195200E+04
  -0.187172E+00   0.196000E+04
  -0.203851E+00   0.196800E+04
  -0.222790E+00   0.197600E+04
  -0.240415E+00   0.198400E+04
  -0.251619E+00   0.199200E+04
  -0.252295E+00   0.200000E+04
  -0.239677E+00   0.200800E+04
  -0.215711E+00   0.201600E+04
  -0.185415E+00   0.202400E+04
  -0.154921E+00   0.203200E+04
  -0.122712E+00   0.204000E+04
  -0.835350E-01   0.204800E+04
