#<T2> zu 
   0.271073E-01   0.400000E+01
   0.379994E-01   0.120000E+02
   0.570860E-01   0.200000E+02
   0.669682E-01   0.280000E+02
   0.664230E-01   0.360000E+02
   0.624863E-01   0.440000E+02
   0.579975E-01   0.520000E+02
   0.537929E-01   0.600000E+02
   0.500194E-01   0.680000E+02
   0.466762E-01   0.760000E+02
   0.437249E-01   0.840000E+02
   0.411170E-01   0.920000E+02
   0.388083E-01   0.100000E+03
   0.367383E-01   0.108000E+03
   0.348733E-01   0.116000E+03
   0.331955E-01   0.124000E+03
   0.316757E-01   0.132000E+03
   0.302864E-01   0.140000E+03
   0.290191E-01   0.148000E+03
   0.278553E-01   0.156000E+03
   0.267769E-01   0.164000E+03
   0.257807E-01   0.172000E+03
   0.248602E-01   0.180000E+03
   0.240039E-01   0.188000E+03
   0.231993E-01   0.196000E+03
   0.224402E-01   0.204000E+03
   0.217271E-01   0.212000E+03
   0.210520E-01   0.220000E+03
   0.204133E-01   0.228000E+03
   0.198035E-01   0.236000E+03
   0.192198E-01   0.244000E+03
   0.186637E-01   0.252000E+03
   0.181343E-01   0.260000E+03
   0.176264E-01   0.268000E+03
   0.171405E-01   0.276000E+03
   0.166780E-01   0.284000E+03
   0.162367E-01   0.292000E+03
   0.158126E-01   0.300000E+03
   0.154050E-01   0.308000E+03
   0.150126E-01   0.316000E+03
   0.146362E-01   0.324000E+03
   0.142754E-01   0.332000E+03
   0.139260E-01   0.340000E+03
   0.135893E-01   0.348000E+03
   0.132682E-01   0.356000E+03
   0.129626E-01   0.364000E+03
   0.126688E-01   0.372000E+03
   0.123831E-01   0.380000E+03
   0.121022E-01   0.388000E+03
   0.118236E-01   0.396000E+03
   0.115494E-01   0.404000E+03
   0.112864E-01   0.412000E+03
   0.110342E-01   0.420000E+03
   0.107938E-01   0.428000E+03
   0.105631E-01   0.436000E+03
   0.103400E-01   0.444000E+03
   0.101241E-01   0.452000E+03
   0.991699E-02   0.460000E+03
   0.971782E-02   0.468000E+03
   0.952326E-02   0.476000E+03
   0.933282E-02   0.484000E+03
   0.914872E-02   0.492000E+03
   0.897247E-02   0.500000E+03
   0.880387E-02   0.508000E+03
   0.864341E-02   0.516000E+03
   0.849034E-02   0.524000E+03
   0.834205E-02   0.532000E+03
   0.819588E-02   0.540000E+03
   0.805285E-02   0.548000E+03
   0.791331E-02   0.556000E+03
   0.777749E-02   0.564000E+03
   0.764610E-02   0.572000E+03
   0.751831E-02   0.580000E+03
   0.739478E-02   0.588000E+03
   0.727578E-02   0.596000E+03
   0.716243E-02   0.604000E+03
   0.705368E-02   0.612000E+03
   0.694645E-02   0.620000E+03
   0.684094E-02   0.628000E+03
   0.673833E-02   0.636000E+03
   0.663940E-02   0.644000E+03
   0.654287E-02   0.652000E+03
   0.644821E-02   0.660000E+03
   0.635413E-02   0.668000E+03
   0.626202E-02   0.676000E+03
   0.617421E-02   0.684000E+03
   0.609332E-02   0.692000E+03
   0.601918E-02   0.700000E+03
   0.595000E-02   0.708000E+03
   0.588426E-02   0.716000E+03
   0.582245E-02   0.724000E+03
   0.576282E-02   0.732000E+03
   0.570540E-02   0.740000E+03
   0.565038E-02   0.748000E+03
   0.559853E-02   0.756000E+03
   0.555031E-02   0.764000E+03
   0.550604E-02   0.772000E+03
   0.546565E-02   0.780000E+03
   0.542769E-02   0.788000E+03
   0.539342E-02   0.796000E+03
   0.536283E-02   0.804000E+03
   0.533482E-02   0.812000E+03
   0.531081E-02   0.820000E+03
   0.529114E-02   0.828000E+03
   0.527649E-02   0.836000E+03
   0.526697E-02   0.844000E+03
   0.526249E-02   0.852000E+03
   0.526357E-02   0.860000E+03
   0.527038E-02   0.868000E+03
   0.528404E-02   0.876000E+03
   0.530459E-02   0.884000E+03
   0.533136E-02   0.892000E+03
   0.536501E-02   0.900000E+03
   0.540905E-02   0.908000E+03
   0.546646E-02   0.916000E+03
   0.553943E-02   0.924000E+03
   0.562835E-02   0.932000E+03
   0.573559E-02   0.940000E+03
   0.586563E-02   0.948000E+03
   0.602022E-02   0.956000E+03
   0.619891E-02   0.964000E+03
   0.640443E-02   0.972000E+03
   0.664053E-02   0.980000E+03
   0.691189E-02   0.988000E+03
   0.722465E-02   0.996000E+03
   0.758837E-02   0.100400E+04
   0.801860E-02   0.101200E+04
   0.853375E-02   0.102000E+04
   0.914655E-02   0.102800E+04
   0.987256E-02   0.103600E+04
   0.107265E-01   0.104400E+04
   0.117264E-01   0.105200E+04
   0.128811E-01   0.106000E+04
   0.142137E-01   0.106800E+04
   0.157684E-01   0.107600E+04
   0.175999E-01   0.108400E+04
   0.197724E-01   0.109200E+04
   0.223669E-01   0.110000E+04
   0.254663E-01   0.110800E+04
   0.292277E-01   0.111600E+04
   0.338693E-01   0.112400E+04
   0.396375E-01   0.113200E+04
   0.467788E-01   0.114000E+04
   0.556681E-01   0.114800E+04
   0.668350E-01   0.115600E+04
   0.810307E-01   0.116400E+04
   0.990869E-01   0.117200E+04
   0.122044E+00   0.118000E+04
   0.151271E+00   0.118800E+04
   0.187956E+00   0.119600E+04
   0.233291E+00   0.120400E+04
   0.288534E+00   0.121200E+04
   0.354666E+00   0.122000E+04
   0.431860E+00   0.122800E+04
   0.518990E+00   0.123600E+04
   0.614139E+00   0.124400E+04
   0.713599E+00   0.125200E+04
   0.812245E+00   0.126000E+04
   0.903631E+00   0.126800E+04
   0.980572E+00   0.127600E+04
   0.103561E+01   0.128400E+04
   0.106300E+01   0.129200E+04
   0.105909E+01   0.130000E+04
   0.102182E+01   0.130800E+04
   0.951898E+00   0.131600E+04
   0.853271E+00   0.132400E+04
   0.732249E+00   0.133200E+04
   0.598049E+00   0.134000E+04
   0.462496E+00   0.134800E+04
   0.338039E+00   0.135600E+04
   0.233469E+00   0.136400E+04
   0.152340E+00   0.137200E+04
   0.942481E-01   0.138000E+04
   0.560317E-01   0.138800E+04
   0.330318E-01   0.139600E+04
   0.204005E-01   0.140400E+04
   0.140589E-01   0.141200E+04
   0.110730E-01   0.142000E+04
   0.966788E-02   0.142800E+04
   0.893830E-02   0.143600E+04
   0.846652E-02   0.144400E+04
   0.807702E-02   0.145200E+04
   0.771256E-02   0.146000E+04
   0.736867E-02   0.146800E+04
   0.705329E-02   0.147600E+04
   0.677219E-02   0.148400E+04
   0.652458E-02   0.149200E+04
   0.630490E-02   0.150000E+04
   0.610612E-02   0.150800E+04
   0.592211E-02   0.151600E+04
   0.574831E-02   0.152400E+04
   0.558226E-02   0.153200E+04
   0.542345E-02   0.154000E+04
   0.527216E-02   0.154800E+04
   0.512857E-02   0.155600E+04
   0.499265E-02   0.156400E+04
   0.486428E-02   0.157200E+04
   0.474338E-02   0.158000E+04
   0.462981E-02   0.158800E+04
   0.452316E-02   0.159600E+04
   0.442304E-02   0.160400E+04
   0.432908E-02   0.161200E+04
   0.424105E-02   0.162000E+04
   0.415877E-02   0.162800E+04
   0.408209E-02   0.163600E+04
   0.401069E-02   0.164400E+04
   0.394414E-02   0.165200E+04
   0.388204E-02   0.166000E+04
   0.382401E-02   0.166800E+04
   0.376962E-02   0.167600E+04
   0.371860E-02   0.168400E+04
   0.367052E-02   0.169200E+04
   0.362499E-02   0.170000E+04
   0.358171E-02   0.170800E+04
   0.354047E-02   0.171600E+04
   0.350122E-02   0.172400E+04
   0.346394E-02   0.173200E+04
   0.342876E-02   0.174000E+04
   0.339581E-02   0.174800E+04
   0.336513E-02   0.175600E+04
   0.333669E-02   0.176400E+04
   0.331032E-02   0.177200E+04
   0.328581E-02   0.178000E+04
   0.326291E-02   0.178800E+04
   0.324140E-02   0.179600E+04
   0.322111E-02   0.180400E+04
   0.320185E-02   0.181200E+04
   0.318348E-02   0.182000E+04
   0.316577E-02   0.182800E+04
   0.314828E-02   0.183600E+04
   0.313049E-02   0.184400E+04
   0.311177E-02   0.185200E+04
   0.309175E-02   0.186000E+04
   0.307053E-02   0.186800E+04
   0.304846E-02   0.187600E+04
   0.302600E-02   0.188400E+04
   0.300364E-02   0.189200E+04
   0.298193E-02   0.190000E+04
   0.296132E-02   0.190800E+04
   0.294209E-02   0.191600E+04
   0.292420E-02   0.192400E+04
   0.290644E-02   0.193200E+04
   0.288636E-02   0.194000E+04
   0.285987E-02   0.194800E+04
   0.282207E-02   0.195600E+04
   0.276780E-02   0.196400E+04
   0.269384E-02   0.197200E+04
   0.260103E-02   0.198000E+04
   0.249483E-02   0.198800E+04
   0.238519E-02   0.199600E+04
   0.228273E-02   0.200400E+04
   0.219847E-02   0.201200E+04
   0.213714E-02   0.202000E+04
   0.210768E-02   0.202800E+04
   0.209313E-02   0.203600E+04
   0.215432E-02   0.204400E+04
