#UTLE UTSB UTTOT zu
  -0.136782E+00  -0.482326E-03  -0.137264E+00   0.800000E+01
  -0.266590E+00  -0.345165E-03  -0.266936E+00   0.160000E+02
  -0.344637E+00  -0.555203E-03  -0.345192E+00   0.240000E+02
  -0.343413E+00  -0.589558E-03  -0.344003E+00   0.320000E+02
  -0.316756E+00  -0.531421E-03  -0.317287E+00   0.400000E+02
  -0.285043E+00  -0.462557E-03  -0.285505E+00   0.480000E+02
  -0.257689E+00  -0.399170E-03  -0.258089E+00   0.560000E+02
  -0.234150E+00  -0.343679E-03  -0.234494E+00   0.640000E+02
  -0.214846E+00  -0.297393E-03  -0.215143E+00   0.720000E+02
  -0.198479E+00  -0.257958E-03  -0.198737E+00   0.800000E+02
  -0.184923E+00  -0.225871E-03  -0.185148E+00   0.880000E+02
  -0.173346E+00  -0.199067E-03  -0.173545E+00   0.960000E+02
  -0.163493E+00  -0.177215E-03  -0.163670E+00   0.104000E+03
  -0.154887E+00  -0.158701E-03  -0.155046E+00   0.112000E+03
  -0.147377E+00  -0.142920E-03  -0.147520E+00   0.120000E+03
  -0.140643E+00  -0.129203E-03  -0.140772E+00   0.128000E+03
  -0.134480E+00  -0.117568E-03  -0.134598E+00   0.136000E+03
  -0.128897E+00  -0.107602E-03  -0.129005E+00   0.144000E+03
  -0.123815E+00  -0.990764E-04  -0.123914E+00   0.152000E+03
  -0.119086E+00  -0.912453E-04  -0.119177E+00   0.160000E+03
  -0.114787E+00  -0.839857E-04  -0.114871E+00   0.168000E+03
  -0.110821E+00  -0.777482E-04  -0.110899E+00   0.176000E+03
  -0.107143E+00  -0.723603E-04  -0.107215E+00   0.184000E+03
  -0.103672E+00  -0.673346E-04  -0.103739E+00   0.192000E+03
  -0.100463E+00  -0.626642E-04  -0.100526E+00   0.200000E+03
  -0.974647E-01  -0.583911E-04  -0.975231E-01   0.208000E+03
  -0.946696E-01  -0.547148E-04  -0.947244E-01   0.216000E+03
  -0.919774E-01  -0.515579E-04  -0.920290E-01   0.224000E+03
  -0.894170E-01  -0.486748E-04  -0.894657E-01   0.232000E+03
  -0.869388E-01  -0.459226E-04  -0.869847E-01   0.240000E+03
  -0.844726E-01  -0.432849E-04  -0.845159E-01   0.248000E+03
  -0.820181E-01  -0.409011E-04  -0.820590E-01   0.256000E+03
  -0.796282E-01  -0.387322E-04  -0.796669E-01   0.264000E+03
  -0.773393E-01  -0.366607E-04  -0.773759E-01   0.272000E+03
  -0.751570E-01  -0.344981E-04  -0.751915E-01   0.280000E+03
  -0.730620E-01  -0.324481E-04  -0.730944E-01   0.288000E+03
  -0.710614E-01  -0.308413E-04  -0.710922E-01   0.296000E+03
  -0.691087E-01  -0.295150E-04  -0.691382E-01   0.304000E+03
  -0.672442E-01  -0.282700E-04  -0.672725E-01   0.312000E+03
  -0.654538E-01  -0.271161E-04  -0.654809E-01   0.320000E+03
  -0.637176E-01  -0.259480E-04  -0.637436E-01   0.328000E+03
  -0.620359E-01  -0.248620E-04  -0.620608E-01   0.336000E+03
  -0.603969E-01  -0.237620E-04  -0.604207E-01   0.344000E+03
  -0.588058E-01  -0.226577E-04  -0.588285E-01   0.352000E+03
  -0.573030E-01  -0.217105E-04  -0.573247E-01   0.360000E+03
  -0.558610E-01  -0.209814E-04  -0.558820E-01   0.368000E+03
  -0.544591E-01  -0.202633E-04  -0.544794E-01   0.376000E+03
  -0.530585E-01  -0.195043E-04  -0.530780E-01   0.384000E+03
  -0.516816E-01  -0.188085E-04  -0.517004E-01   0.392000E+03
  -0.503805E-01  -0.180387E-04  -0.503986E-01   0.400000E+03
  -0.491611E-01  -0.172707E-04  -0.491784E-01   0.408000E+03
  -0.480298E-01  -0.165748E-04  -0.480464E-01   0.416000E+03
  -0.469248E-01  -0.159942E-04  -0.469408E-01   0.424000E+03
  -0.458480E-01  -0.155214E-04  -0.458635E-01   0.432000E+03
  -0.447757E-01  -0.150926E-04  -0.447908E-01   0.440000E+03
  -0.437183E-01  -0.146600E-04  -0.437330E-01   0.448000E+03
  -0.426925E-01  -0.141816E-04  -0.427067E-01   0.456000E+03
  -0.416800E-01  -0.136623E-04  -0.416936E-01   0.464000E+03
  -0.406938E-01  -0.131170E-04  -0.407069E-01   0.472000E+03
  -0.397369E-01  -0.125644E-04  -0.397495E-01   0.480000E+03
  -0.387934E-01  -0.120895E-04  -0.388055E-01   0.488000E+03
  -0.378921E-01  -0.116465E-04  -0.379037E-01   0.496000E+03
  -0.370266E-01  -0.112448E-04  -0.370378E-01   0.504000E+03
  -0.361959E-01  -0.108375E-04  -0.362067E-01   0.512000E+03
  -0.353870E-01  -0.105491E-04  -0.353976E-01   0.520000E+03
  -0.346102E-01  -0.104184E-04  -0.346206E-01   0.528000E+03
  -0.338518E-01  -0.102893E-04  -0.338621E-01   0.536000E+03
  -0.331241E-01  -0.101182E-04  -0.331342E-01   0.544000E+03
  -0.324154E-01  -0.994266E-05  -0.324254E-01   0.552000E+03
  -0.317212E-01  -0.976688E-05  -0.317310E-01   0.560000E+03
  -0.310258E-01  -0.953644E-05  -0.310353E-01   0.568000E+03
  -0.303376E-01  -0.927236E-05  -0.303469E-01   0.576000E+03
  -0.296642E-01  -0.896036E-05  -0.296731E-01   0.584000E+03
  -0.289928E-01  -0.860581E-05  -0.290014E-01   0.592000E+03
  -0.283353E-01  -0.823596E-05  -0.283435E-01   0.600000E+03
  -0.276997E-01  -0.791647E-05  -0.277076E-01   0.608000E+03
  -0.270778E-01  -0.762883E-05  -0.270854E-01   0.616000E+03
  -0.264736E-01  -0.737280E-05  -0.264810E-01   0.624000E+03
  -0.259187E-01  -0.711771E-05  -0.259258E-01   0.632000E+03
  -0.254042E-01  -0.685687E-05  -0.254111E-01   0.640000E+03
  -0.249073E-01  -0.661380E-05  -0.249139E-01   0.648000E+03
  -0.244235E-01  -0.632373E-05  -0.244298E-01   0.656000E+03
  -0.239497E-01  -0.601163E-05  -0.239557E-01   0.664000E+03
  -0.235026E-01  -0.571166E-05  -0.235084E-01   0.672000E+03
  -0.230964E-01  -0.550971E-05  -0.231019E-01   0.680000E+03
  -0.227373E-01  -0.527602E-05  -0.227426E-01   0.688000E+03
  -0.224368E-01  -0.494152E-05  -0.224418E-01   0.696000E+03
  -0.221910E-01  -0.456771E-05  -0.221955E-01   0.704000E+03
  -0.219803E-01  -0.422121E-05  -0.219845E-01   0.712000E+03
  -0.218009E-01  -0.394082E-05  -0.218048E-01   0.720000E+03
  -0.216389E-01  -0.374011E-05  -0.216426E-01   0.728000E+03
  -0.214952E-01  -0.353478E-05  -0.214988E-01   0.736000E+03
  -0.213735E-01  -0.334080E-05  -0.213768E-01   0.744000E+03
  -0.212676E-01  -0.311682E-05  -0.212707E-01   0.752000E+03
  -0.211882E-01  -0.287855E-05  -0.211911E-01   0.760000E+03
  -0.211172E-01  -0.257678E-05  -0.211198E-01   0.768000E+03
  -0.210503E-01  -0.225408E-05  -0.210526E-01   0.776000E+03
  -0.209683E-01  -0.193679E-05  -0.209702E-01   0.784000E+03
  -0.208766E-01  -0.161871E-05  -0.208782E-01   0.792000E+03
  -0.207706E-01  -0.126502E-05  -0.207719E-01   0.800000E+03
  -0.206672E-01  -0.848630E-06  -0.206681E-01   0.808000E+03
  -0.205724E-01  -0.491322E-06  -0.205729E-01   0.816000E+03
  -0.204878E-01  -0.260083E-06  -0.204881E-01   0.824000E+03
  -0.204219E-01  -0.103112E-07  -0.204219E-01   0.832000E+03
  -0.203710E-01   0.277902E-06  -0.203707E-01   0.840000E+03
  -0.203361E-01   0.541143E-06  -0.203356E-01   0.848000E+03
  -0.202696E-01   0.774992E-06  -0.202688E-01   0.856000E+03
  -0.201805E-01   0.917342E-06  -0.201796E-01   0.864000E+03
  -0.200799E-01   0.104358E-05  -0.200789E-01   0.872000E+03
  -0.199832E-01   0.121646E-05  -0.199820E-01   0.880000E+03
  -0.199046E-01   0.146579E-05  -0.199032E-01   0.888000E+03
  -0.198460E-01   0.174396E-05  -0.198443E-01   0.896000E+03
  -0.197838E-01   0.206620E-05  -0.197817E-01   0.904000E+03
  -0.197181E-01   0.242757E-05  -0.197157E-01   0.912000E+03
  -0.196478E-01   0.272641E-05  -0.196451E-01   0.920000E+03
  -0.195594E-01   0.295360E-05  -0.195565E-01   0.928000E+03
  -0.194956E-01   0.322429E-05  -0.194924E-01   0.936000E+03
  -0.194585E-01   0.358625E-05  -0.194549E-01   0.944000E+03
  -0.194224E-01   0.406177E-05  -0.194184E-01   0.952000E+03
  -0.193662E-01   0.461170E-05  -0.193616E-01   0.960000E+03
  -0.193044E-01   0.518495E-05  -0.192992E-01   0.968000E+03
  -0.192293E-01   0.576214E-05  -0.192235E-01   0.976000E+03
  -0.191583E-01   0.623931E-05  -0.191520E-01   0.984000E+03
  -0.190937E-01   0.673217E-05  -0.190870E-01   0.992000E+03
  -0.189960E-01   0.728603E-05  -0.189887E-01   0.100000E+04
  -0.188888E-01   0.781308E-05  -0.188810E-01   0.100800E+04
  -0.187858E-01   0.832913E-05  -0.187775E-01   0.101600E+04
  -0.187141E-01   0.882807E-05  -0.187052E-01   0.102400E+04
  -0.186503E-01   0.933398E-05  -0.186410E-01   0.103200E+04
  -0.185863E-01   0.966587E-05  -0.185767E-01   0.104000E+04
  -0.185238E-01   0.998546E-05  -0.185138E-01   0.104800E+04
  -0.184779E-01   0.103759E-04  -0.184675E-01   0.105600E+04
  -0.183884E-01   0.109777E-04  -0.183775E-01   0.106400E+04
  -0.182166E-01   0.116861E-04  -0.182049E-01   0.107200E+04
  -0.179573E-01   0.124308E-04  -0.179449E-01   0.108000E+04
  -0.175436E-01   0.131230E-04  -0.175305E-01   0.108800E+04
  -0.169384E-01   0.140014E-04  -0.169244E-01   0.109600E+04
  -0.161592E-01   0.146512E-04  -0.161445E-01   0.110400E+04
  -0.151029E-01   0.151116E-04  -0.150878E-01   0.111200E+04
  -0.137191E-01   0.155910E-04  -0.137035E-01   0.112000E+04
  -0.118849E-01   0.159903E-04  -0.118689E-01   0.112800E+04
  -0.953212E-02   0.161055E-04  -0.951601E-02   0.113600E+04
  -0.642332E-02   0.163260E-04  -0.640699E-02   0.114400E+04
  -0.242737E-02   0.172360E-04  -0.241013E-02   0.115200E+04
   0.263828E-02   0.185373E-04   0.265682E-02   0.116000E+04
   0.881789E-02   0.197698E-04   0.883766E-02   0.116800E+04
   0.163426E-01   0.216144E-04   0.163642E-01   0.117600E+04
   0.253941E-01   0.240107E-04   0.254181E-01   0.118400E+04
   0.357058E-01   0.271383E-04   0.357330E-01   0.119200E+04
   0.464280E-01   0.307230E-04   0.464587E-01   0.120000E+04
   0.569436E-01   0.341252E-04   0.569777E-01   0.120800E+04
   0.669286E-01   0.364479E-04   0.669651E-01   0.121600E+04
   0.757088E-01   0.381738E-04   0.757470E-01   0.122400E+04
   0.823675E-01   0.389390E-04   0.824065E-01   0.123200E+04
   0.861148E-01   0.387413E-04   0.861535E-01   0.124000E+04
   0.868559E-01   0.378387E-04   0.868937E-01   0.124800E+04
   0.844280E-01   0.357493E-04   0.844638E-01   0.125600E+04
   0.791152E-01   0.322331E-04   0.791475E-01   0.126400E+04
   0.711344E-01   0.266874E-04   0.711611E-01   0.127200E+04
   0.609632E-01   0.208306E-04   0.609840E-01   0.128000E+04
   0.498002E-01   0.163489E-04   0.498166E-01   0.128800E+04
   0.387909E-01   0.118616E-04   0.388028E-01   0.129600E+04
   0.271416E-01   0.765459E-05   0.271492E-01   0.130400E+04
   0.166429E-01   0.633706E-05   0.166493E-01   0.131200E+04
   0.793932E-02   0.640262E-05   0.794573E-02   0.132000E+04
   0.158638E-02   0.678001E-05   0.159316E-02   0.132800E+04
  -0.297921E-02   0.487076E-05  -0.297434E-02   0.133600E+04
  -0.713233E-02   0.211468E-05  -0.713022E-02   0.134400E+04
  -0.112368E-01   0.133261E-05  -0.112355E-01   0.135200E+04
  -0.137725E-01   0.223003E-05  -0.137703E-01   0.136000E+04
  -0.153755E-01   0.262010E-05  -0.153729E-01   0.136800E+04
  -0.163730E-01   0.276393E-05  -0.163703E-01   0.137600E+04
  -0.167914E-01   0.289455E-05  -0.167885E-01   0.138400E+04
  -0.167615E-01   0.261051E-05  -0.167589E-01   0.139200E+04
  -0.164029E-01   0.224389E-05  -0.164007E-01   0.140000E+04
  -0.158087E-01   0.197474E-05  -0.158067E-01   0.140800E+04
  -0.151052E-01   0.171864E-05  -0.151035E-01   0.141600E+04
  -0.144277E-01   0.143188E-05  -0.144262E-01   0.142400E+04
  -0.137328E-01   0.113529E-05  -0.137316E-01   0.143200E+04
  -0.130228E-01   0.858993E-06  -0.130219E-01   0.144000E+04
  -0.122634E-01   0.640310E-06  -0.122628E-01   0.144800E+04
  -0.115117E-01   0.465820E-06  -0.115112E-01   0.145600E+04
  -0.107963E-01   0.331001E-06  -0.107959E-01   0.146400E+04
  -0.101543E-01   0.232953E-06  -0.101541E-01   0.147200E+04
  -0.957226E-02   0.163450E-06  -0.957210E-02   0.148000E+04
  -0.904775E-02   0.114003E-06  -0.904764E-02   0.148800E+04
  -0.857246E-02   0.792378E-07  -0.857238E-02   0.149600E+04
  -0.813140E-02   0.543576E-07  -0.813135E-02   0.150400E+04
  -0.771996E-02   0.365473E-07  -0.771992E-02   0.151200E+04
  -0.733412E-02   0.238166E-07  -0.733409E-02   0.152000E+04
  -0.697411E-02   0.151257E-07  -0.697409E-02   0.152800E+04
  -0.663759E-02   0.946737E-08  -0.663758E-02   0.153600E+04
  -0.632220E-02   0.583505E-08  -0.632220E-02   0.154400E+04
  -0.602691E-02   0.346754E-08  -0.602690E-02   0.155200E+04
  -0.574999E-02   0.194458E-08  -0.574999E-02   0.156000E+04
  -0.548982E-02   0.102960E-08  -0.548982E-02   0.156800E+04
  -0.524420E-02   0.520931E-09  -0.524420E-02   0.157600E+04
  -0.501102E-02   0.255134E-09  -0.501102E-02   0.158400E+04
  -0.478830E-02   0.121161E-09  -0.478830E-02   0.159200E+04
  -0.457517E-02   0.597163E-10  -0.457517E-02   0.160000E+04
  -0.437098E-02   0.345004E-10  -0.437098E-02   0.160800E+04
  -0.417506E-02   0.218248E-10  -0.417506E-02   0.161600E+04
  -0.398693E-02   0.140520E-10  -0.398693E-02   0.162400E+04
  -0.380614E-02   0.891515E-11  -0.380614E-02   0.163200E+04
  -0.363217E-02   0.549507E-11  -0.363217E-02   0.164000E+04
  -0.346502E-02   0.326292E-11  -0.346502E-02   0.164800E+04
  -0.330454E-02   0.186209E-11  -0.330454E-02   0.165600E+04
  -0.315059E-02   0.103201E-11  -0.315059E-02   0.166400E+04
  -0.300342E-02   0.564073E-12  -0.300342E-02   0.167200E+04
  -0.286352E-02   0.311578E-12  -0.286352E-02   0.168000E+04
  -0.273145E-02   0.179261E-12  -0.273145E-02   0.168800E+04
  -0.260763E-02   0.110388E-12  -0.260763E-02   0.169600E+04
  -0.249200E-02   0.737554E-13  -0.249200E-02   0.170400E+04
  -0.238426E-02   0.542071E-13  -0.238426E-02   0.171200E+04
  -0.228393E-02   0.442748E-13  -0.228393E-02   0.172000E+04
  -0.219042E-02   0.395064E-13  -0.219042E-02   0.172800E+04
  -0.210283E-02   0.371120E-13  -0.210283E-02   0.173600E+04
  -0.202027E-02   0.357293E-13  -0.202027E-02   0.174400E+04
  -0.194193E-02   0.348907E-13  -0.194193E-02   0.175200E+04
  -0.186747E-02   0.343953E-13  -0.186747E-02   0.176000E+04
  -0.179671E-02   0.340719E-13  -0.179671E-02   0.176800E+04
  -0.172954E-02   0.337801E-13  -0.172954E-02   0.177600E+04
  -0.166623E-02   0.334420E-13  -0.166623E-02   0.178400E+04
  -0.160662E-02   0.330487E-13  -0.160662E-02   0.179200E+04
  -0.155032E-02   0.326345E-13  -0.155032E-02   0.180000E+04
  -0.149694E-02   0.322508E-13  -0.149694E-02   0.180800E+04
  -0.144587E-02   0.318974E-13  -0.144587E-02   0.181600E+04
  -0.139668E-02   0.314042E-13  -0.139668E-02   0.182400E+04
  -0.134983E-02   0.304191E-13  -0.134983E-02   0.183200E+04
  -0.130473E-02   0.286420E-13  -0.130473E-02   0.184000E+04
  -0.126299E-02   0.258776E-13  -0.126299E-02   0.184800E+04
  -0.122119E-02   0.218068E-13  -0.122119E-02   0.185600E+04
  -0.118370E-02   0.156342E-13  -0.118370E-02   0.186400E+04
  -0.114260E-02   0.634985E-14  -0.114260E-02   0.187200E+04
  -0.110714E-02  -0.683389E-14  -0.110714E-02   0.188000E+04
  -0.106497E-02  -0.252994E-13  -0.106497E-02   0.188800E+04
  -0.103117E-02  -0.515895E-13  -0.103117E-02   0.189600E+04
  -0.989355E-03  -0.888895E-13  -0.989355E-03   0.190400E+04
  -0.955029E-03  -0.141298E-12  -0.955029E-03   0.191200E+04
  -0.913411E-03  -0.217076E-12  -0.913411E-03   0.192000E+04
  -0.873070E-03  -0.329583E-12  -0.873070E-03   0.192800E+04
  -0.830016E-03  -0.503881E-12  -0.830016E-03   0.193600E+04
  -0.777558E-03  -0.771995E-12  -0.777558E-03   0.194400E+04
  -0.732257E-03  -0.110832E-11  -0.732257E-03   0.195200E+04
  -0.667802E-03  -0.374138E-12  -0.667802E-03   0.196000E+04
  -0.617660E-03   0.688728E-10  -0.617660E-03   0.196800E+04
  -0.548454E-03   0.146862E-09  -0.548453E-03   0.197600E+04
  -0.486369E-03   0.144454E-09  -0.486369E-03   0.198400E+04
  -0.419184E-03   0.978921E-10  -0.419184E-03   0.199200E+04
  -0.351555E-03   0.746068E-10  -0.351555E-03   0.200000E+04
  -0.293322E-03  -0.335236E-10  -0.293322E-03   0.200800E+04
  -0.224465E-03  -0.628973E-09  -0.224466E-03   0.201600E+04
  -0.152696E-03  -0.220650E-08  -0.152699E-03   0.202400E+04
  -0.997567E-04  -0.388989E-08  -0.997606E-04   0.203200E+04
   0.113293E-04   0.681751E-09   0.113300E-04   0.204000E+04
   0.781316E-04   0.144425E-08   0.781331E-04   0.204800E+04
