# <u2>, <v2>, <w2>, zu
   0.147240E+01   0.109522E+01   0.772736E-01   0.400000E+01
   0.331768E+01   0.200185E+01   0.235206E+00   0.120000E+02
   0.391777E+01   0.242025E+01   0.393397E+00   0.200000E+02
   0.368920E+01   0.247545E+01   0.526743E+00   0.280000E+02
   0.341756E+01   0.244406E+01   0.628342E+00   0.360000E+02
   0.318500E+01   0.238858E+01   0.702510E+00   0.440000E+02
   0.300811E+01   0.233054E+01   0.755601E+00   0.520000E+02
   0.286672E+01   0.227131E+01   0.793647E+00   0.600000E+02
   0.275761E+01   0.221573E+01   0.821939E+00   0.680000E+02
   0.266731E+01   0.216142E+01   0.844110E+00   0.760000E+02
   0.259378E+01   0.210795E+01   0.861891E+00   0.840000E+02
   0.253000E+01   0.205591E+01   0.876185E+00   0.920000E+02
   0.247355E+01   0.200751E+01   0.888432E+00   0.100000E+03
   0.242282E+01   0.196171E+01   0.899695E+00   0.108000E+03
   0.237702E+01   0.191778E+01   0.909996E+00   0.116000E+03
   0.233392E+01   0.187634E+01   0.919517E+00   0.124000E+03
   0.229291E+01   0.183753E+01   0.928574E+00   0.132000E+03
   0.225549E+01   0.180013E+01   0.937552E+00   0.140000E+03
   0.222094E+01   0.176269E+01   0.946514E+00   0.148000E+03
   0.218863E+01   0.172596E+01   0.955315E+00   0.156000E+03
   0.215872E+01   0.169129E+01   0.964002E+00   0.164000E+03
   0.213091E+01   0.165775E+01   0.972750E+00   0.172000E+03
   0.210535E+01   0.162600E+01   0.981455E+00   0.180000E+03
   0.207999E+01   0.159629E+01   0.989920E+00   0.188000E+03
   0.205595E+01   0.156743E+01   0.998222E+00   0.196000E+03
   0.203285E+01   0.153880E+01   0.100638E+01   0.204000E+03
   0.201009E+01   0.151093E+01   0.101421E+01   0.212000E+03
   0.198760E+01   0.148417E+01   0.102168E+01   0.220000E+03
   0.196396E+01   0.145845E+01   0.102889E+01   0.228000E+03
   0.193956E+01   0.143349E+01   0.103584E+01   0.236000E+03
   0.191466E+01   0.140802E+01   0.104262E+01   0.244000E+03
   0.188962E+01   0.138270E+01   0.104939E+01   0.252000E+03
   0.186426E+01   0.135791E+01   0.105616E+01   0.260000E+03
   0.183833E+01   0.133409E+01   0.106284E+01   0.268000E+03
   0.181235E+01   0.131052E+01   0.106949E+01   0.276000E+03
   0.178675E+01   0.128679E+01   0.107624E+01   0.284000E+03
   0.176184E+01   0.126336E+01   0.108294E+01   0.292000E+03
   0.173753E+01   0.124062E+01   0.108951E+01   0.300000E+03
   0.171417E+01   0.121826E+01   0.109584E+01   0.308000E+03
   0.169215E+01   0.119578E+01   0.110187E+01   0.316000E+03
   0.167111E+01   0.117426E+01   0.110761E+01   0.324000E+03
   0.165167E+01   0.115381E+01   0.111302E+01   0.332000E+03
   0.163451E+01   0.113448E+01   0.111823E+01   0.340000E+03
   0.161853E+01   0.111586E+01   0.112320E+01   0.348000E+03
   0.160348E+01   0.109760E+01   0.112802E+01   0.356000E+03
   0.158859E+01   0.107952E+01   0.113273E+01   0.364000E+03
   0.157353E+01   0.106181E+01   0.113735E+01   0.372000E+03
   0.155777E+01   0.104466E+01   0.114179E+01   0.380000E+03
   0.154144E+01   0.102820E+01   0.114592E+01   0.388000E+03
   0.152511E+01   0.101220E+01   0.114972E+01   0.396000E+03
   0.150942E+01   0.996502E+00   0.115322E+01   0.404000E+03
   0.149580E+01   0.980954E+00   0.115637E+01   0.412000E+03
   0.148307E+01   0.965870E+00   0.115931E+01   0.420000E+03
   0.147079E+01   0.951074E+00   0.116204E+01   0.428000E+03
   0.145862E+01   0.936757E+00   0.116446E+01   0.436000E+03
   0.144660E+01   0.922858E+00   0.116659E+01   0.444000E+03
   0.143384E+01   0.909839E+00   0.116853E+01   0.452000E+03
   0.142085E+01   0.897874E+00   0.117034E+01   0.460000E+03
   0.140799E+01   0.886684E+00   0.117207E+01   0.468000E+03
   0.139580E+01   0.875896E+00   0.117363E+01   0.476000E+03
   0.138401E+01   0.865757E+00   0.117503E+01   0.484000E+03
   0.137341E+01   0.856754E+00   0.117623E+01   0.492000E+03
   0.136430E+01   0.848507E+00   0.117719E+01   0.500000E+03
   0.135669E+01   0.841267E+00   0.117785E+01   0.508000E+03
   0.134935E+01   0.834699E+00   0.117809E+01   0.516000E+03
   0.134162E+01   0.827958E+00   0.117795E+01   0.524000E+03
   0.133354E+01   0.821539E+00   0.117743E+01   0.532000E+03
   0.132612E+01   0.815417E+00   0.117651E+01   0.540000E+03
   0.131883E+01   0.809096E+00   0.117509E+01   0.548000E+03
   0.131146E+01   0.802238E+00   0.117325E+01   0.556000E+03
   0.130354E+01   0.795361E+00   0.117080E+01   0.564000E+03
   0.129548E+01   0.788913E+00   0.116770E+01   0.572000E+03
   0.128731E+01   0.783344E+00   0.116411E+01   0.580000E+03
   0.127908E+01   0.778665E+00   0.116000E+01   0.588000E+03
   0.127037E+01   0.775018E+00   0.115548E+01   0.596000E+03
   0.126175E+01   0.771969E+00   0.115056E+01   0.604000E+03
   0.125368E+01   0.769125E+00   0.114519E+01   0.612000E+03
   0.124578E+01   0.766418E+00   0.113943E+01   0.620000E+03
   0.123824E+01   0.763188E+00   0.113330E+01   0.628000E+03
   0.123172E+01   0.759689E+00   0.112676E+01   0.636000E+03
   0.122552E+01   0.756203E+00   0.111981E+01   0.644000E+03
   0.122006E+01   0.752691E+00   0.111258E+01   0.652000E+03
   0.121489E+01   0.749656E+00   0.110518E+01   0.660000E+03
   0.120957E+01   0.746867E+00   0.109762E+01   0.668000E+03
   0.120426E+01   0.744277E+00   0.108988E+01   0.676000E+03
   0.119947E+01   0.741904E+00   0.108203E+01   0.684000E+03
   0.119516E+01   0.740286E+00   0.107408E+01   0.692000E+03
   0.119162E+01   0.739230E+00   0.106599E+01   0.700000E+03
   0.118880E+01   0.738693E+00   0.105766E+01   0.708000E+03
   0.118627E+01   0.738539E+00   0.104903E+01   0.716000E+03
   0.118392E+01   0.738658E+00   0.104006E+01   0.724000E+03
   0.118171E+01   0.739058E+00   0.103071E+01   0.732000E+03
   0.117960E+01   0.740397E+00   0.102097E+01   0.740000E+03
   0.117817E+01   0.742804E+00   0.101102E+01   0.748000E+03
   0.117768E+01   0.746489E+00   0.100097E+01   0.756000E+03
   0.117783E+01   0.750763E+00   0.990885E+00   0.764000E+03
   0.117846E+01   0.755044E+00   0.980829E+00   0.772000E+03
   0.117915E+01   0.759600E+00   0.970833E+00   0.780000E+03
   0.117984E+01   0.764556E+00   0.960777E+00   0.788000E+03
   0.118054E+01   0.770149E+00   0.950368E+00   0.796000E+03
   0.118176E+01   0.776635E+00   0.939452E+00   0.804000E+03
   0.118449E+01   0.783550E+00   0.928052E+00   0.812000E+03
   0.118800E+01   0.790851E+00   0.916149E+00   0.820000E+03
   0.119125E+01   0.798941E+00   0.903746E+00   0.828000E+03
   0.119387E+01   0.807082E+00   0.890806E+00   0.836000E+03
   0.119646E+01   0.815118E+00   0.877488E+00   0.844000E+03
   0.119901E+01   0.822879E+00   0.863950E+00   0.852000E+03
   0.120149E+01   0.829847E+00   0.850339E+00   0.860000E+03
   0.120352E+01   0.835703E+00   0.836713E+00   0.868000E+03
   0.120542E+01   0.840968E+00   0.823004E+00   0.876000E+03
   0.120763E+01   0.845981E+00   0.809008E+00   0.884000E+03
   0.120986E+01   0.851076E+00   0.794612E+00   0.892000E+03
   0.121137E+01   0.855381E+00   0.779840E+00   0.900000E+03
   0.121194E+01   0.859135E+00   0.764809E+00   0.908000E+03
   0.121173E+01   0.862588E+00   0.749671E+00   0.916000E+03
   0.121144E+01   0.865478E+00   0.734529E+00   0.924000E+03
   0.121036E+01   0.868044E+00   0.719306E+00   0.932000E+03
   0.120928E+01   0.870032E+00   0.703955E+00   0.940000E+03
   0.120788E+01   0.871751E+00   0.688521E+00   0.948000E+03
   0.120539E+01   0.873089E+00   0.673013E+00   0.956000E+03
   0.120240E+01   0.873739E+00   0.657461E+00   0.964000E+03
   0.119874E+01   0.874053E+00   0.642002E+00   0.972000E+03
   0.119459E+01   0.873760E+00   0.626722E+00   0.980000E+03
   0.119061E+01   0.872703E+00   0.611592E+00   0.988000E+03
   0.118571E+01   0.870443E+00   0.596542E+00   0.996000E+03
   0.118029E+01   0.867239E+00   0.581551E+00   0.100400E+04
   0.117409E+01   0.863312E+00   0.566712E+00   0.101200E+04
   0.116695E+01   0.859093E+00   0.552152E+00   0.102000E+04
   0.115846E+01   0.855145E+00   0.537871E+00   0.102800E+04
   0.114866E+01   0.851730E+00   0.523891E+00   0.103600E+04
   0.113847E+01   0.848398E+00   0.510144E+00   0.104400E+04
   0.112836E+01   0.844639E+00   0.496672E+00   0.105200E+04
   0.111779E+01   0.839954E+00   0.483499E+00   0.106000E+04
   0.110609E+01   0.834454E+00   0.470626E+00   0.106800E+04
   0.109340E+01   0.828547E+00   0.457967E+00   0.107600E+04
   0.107955E+01   0.822835E+00   0.445394E+00   0.108400E+04
   0.106465E+01   0.817083E+00   0.432811E+00   0.109200E+04
   0.104854E+01   0.811360E+00   0.420265E+00   0.110000E+04
   0.103096E+01   0.805657E+00   0.407910E+00   0.110800E+04
   0.101191E+01   0.799097E+00   0.395811E+00   0.111600E+04
   0.991425E+00   0.791589E+00   0.384012E+00   0.112400E+04
   0.969712E+00   0.783406E+00   0.372680E+00   0.113200E+04
   0.947590E+00   0.775608E+00   0.361802E+00   0.114000E+04
   0.924880E+00   0.769190E+00   0.351399E+00   0.114800E+04
   0.900589E+00   0.765829E+00   0.341589E+00   0.115600E+04
   0.874689E+00   0.765943E+00   0.332472E+00   0.116400E+04
   0.848172E+00   0.770543E+00   0.324221E+00   0.117200E+04
   0.820331E+00   0.781590E+00   0.316937E+00   0.118000E+04
   0.790198E+00   0.800924E+00   0.310863E+00   0.118800E+04
   0.757762E+00   0.830339E+00   0.306140E+00   0.119600E+04
   0.722737E+00   0.870792E+00   0.302821E+00   0.120400E+04
   0.686510E+00   0.923975E+00   0.300958E+00   0.121200E+04
   0.648789E+00   0.990642E+00   0.300876E+00   0.122000E+04
   0.609779E+00   0.106908E+01   0.302604E+00   0.122800E+04
   0.570010E+00   0.115830E+01   0.306181E+00   0.123600E+04
   0.530750E+00   0.125355E+01   0.311591E+00   0.124400E+04
   0.492209E+00   0.134571E+01   0.318702E+00   0.125200E+04
   0.454665E+00   0.142405E+01   0.327400E+00   0.126000E+04
   0.417954E+00   0.147875E+01   0.337449E+00   0.126800E+04
   0.382362E+00   0.149746E+01   0.348312E+00   0.127600E+04
   0.348724E+00   0.147377E+01   0.359505E+00   0.128400E+04
   0.317630E+00   0.140663E+01   0.370385E+00   0.129200E+04
   0.288935E+00   0.129635E+01   0.380174E+00   0.130000E+04
   0.262285E+00   0.115183E+01   0.388035E+00   0.130800E+04
   0.236902E+00   0.986148E+00   0.393310E+00   0.131600E+04
   0.213405E+00   0.809510E+00   0.395373E+00   0.132400E+04
   0.192092E+00   0.635505E+00   0.393737E+00   0.133200E+04
   0.172380E+00   0.477530E+00   0.388229E+00   0.134000E+04
   0.155533E+00   0.347759E+00   0.379062E+00   0.134800E+04
   0.141700E+00   0.253172E+00   0.366743E+00   0.135600E+04
   0.130256E+00   0.191317E+00   0.352085E+00   0.136400E+04
   0.120696E+00   0.155383E+00   0.335963E+00   0.137200E+04
   0.112643E+00   0.137820E+00   0.319119E+00   0.138000E+04
   0.105509E+00   0.130080E+00   0.302229E+00   0.138800E+04
   0.993587E-01   0.126071E+00   0.285800E+00   0.139600E+04
   0.937774E-01   0.122512E+00   0.270159E+00   0.140400E+04
   0.885445E-01   0.117702E+00   0.255477E+00   0.141200E+04
   0.835315E-01   0.112309E+00   0.241783E+00   0.142000E+04
   0.787448E-01   0.106592E+00   0.229048E+00   0.142800E+04
   0.743652E-01   0.101044E+00   0.217204E+00   0.143600E+04
   0.702709E-01   0.957532E-01   0.206173E+00   0.144400E+04
   0.664810E-01   0.908026E-01   0.195879E+00   0.145200E+04
   0.629585E-01   0.861408E-01   0.186257E+00   0.146000E+04
   0.597403E-01   0.817973E-01   0.177243E+00   0.146800E+04
   0.567760E-01   0.776384E-01   0.168791E+00   0.147600E+04
   0.540284E-01   0.737692E-01   0.160851E+00   0.148400E+04
   0.515124E-01   0.700923E-01   0.153383E+00   0.149200E+04
   0.491739E-01   0.666495E-01   0.146349E+00   0.150000E+04
   0.469907E-01   0.633896E-01   0.139719E+00   0.150800E+04
   0.449467E-01   0.603203E-01   0.133464E+00   0.151600E+04
   0.430297E-01   0.574198E-01   0.127560E+00   0.152400E+04
   0.412383E-01   0.546763E-01   0.121982E+00   0.153200E+04
   0.395630E-01   0.520864E-01   0.116711E+00   0.154000E+04
   0.380032E-01   0.496342E-01   0.111726E+00   0.154800E+04
   0.365536E-01   0.473077E-01   0.107009E+00   0.155600E+04
   0.352094E-01   0.451041E-01   0.102543E+00   0.156400E+04
   0.339642E-01   0.430169E-01   0.983112E-01   0.157200E+04
   0.328122E-01   0.410410E-01   0.942999E-01   0.158000E+04
   0.317496E-01   0.391686E-01   0.904957E-01   0.158800E+04
   0.307731E-01   0.373954E-01   0.868857E-01   0.159600E+04
   0.298767E-01   0.357164E-01   0.834581E-01   0.160400E+04
   0.290563E-01   0.341253E-01   0.802024E-01   0.161200E+04
   0.283109E-01   0.326194E-01   0.771081E-01   0.162000E+04
   0.276371E-01   0.311958E-01   0.741656E-01   0.162800E+04
   0.270307E-01   0.298501E-01   0.713660E-01   0.163600E+04
   0.264884E-01   0.285771E-01   0.687016E-01   0.164400E+04
   0.260046E-01   0.273719E-01   0.661647E-01   0.165200E+04
   0.255726E-01   0.262302E-01   0.637497E-01   0.166000E+04
   0.251830E-01   0.251473E-01   0.614504E-01   0.166800E+04
   0.248255E-01   0.241188E-01   0.592620E-01   0.167600E+04
   0.244892E-01   0.231402E-01   0.571793E-01   0.168400E+04
   0.241664E-01   0.222070E-01   0.551975E-01   0.169200E+04
   0.238512E-01   0.213161E-01   0.533120E-01   0.170000E+04
   0.235421E-01   0.204649E-01   0.515180E-01   0.170800E+04
   0.232403E-01   0.196515E-01   0.498105E-01   0.171600E+04
   0.229511E-01   0.188740E-01   0.481855E-01   0.172400E+04
   0.226812E-01   0.181302E-01   0.466390E-01   0.173200E+04
   0.224369E-01   0.174178E-01   0.451665E-01   0.174000E+04
   0.222205E-01   0.167363E-01   0.437651E-01   0.174800E+04
   0.220323E-01   0.160850E-01   0.424316E-01   0.175600E+04
   0.218701E-01   0.154642E-01   0.411629E-01   0.176400E+04
   0.217332E-01   0.148737E-01   0.399566E-01   0.177200E+04
   0.216206E-01   0.143128E-01   0.388095E-01   0.178000E+04
   0.215333E-01   0.137798E-01   0.377192E-01   0.178800E+04
   0.214696E-01   0.132739E-01   0.366832E-01   0.179600E+04
   0.214267E-01   0.127956E-01   0.356987E-01   0.180400E+04
   0.214002E-01   0.123439E-01   0.347635E-01   0.181200E+04
   0.213851E-01   0.119189E-01   0.338752E-01   0.182000E+04
   0.213783E-01   0.115170E-01   0.330316E-01   0.182800E+04
   0.213756E-01   0.111396E-01   0.322308E-01   0.183600E+04
   0.213754E-01   0.107831E-01   0.314704E-01   0.184400E+04
   0.213716E-01   0.104496E-01   0.307489E-01   0.185200E+04
   0.213652E-01   0.101348E-01   0.300645E-01   0.186000E+04
   0.213488E-01   0.984033E-02   0.294161E-01   0.186800E+04
   0.213274E-01   0.956116E-02   0.288025E-01   0.187600E+04
   0.212983E-01   0.930266E-02   0.282230E-01   0.188400E+04
   0.212622E-01   0.905482E-02   0.276770E-01   0.189200E+04
   0.212305E-01   0.883012E-02   0.271636E-01   0.190000E+04
   0.211863E-01   0.861329E-02   0.266818E-01   0.190800E+04
   0.211632E-01   0.842031E-02   0.262299E-01   0.191600E+04
   0.211186E-01   0.823724E-02   0.258073E-01   0.192400E+04
   0.211020E-01   0.807069E-02   0.254120E-01   0.193200E+04
   0.210569E-01   0.792087E-02   0.250441E-01   0.194000E+04
   0.210288E-01   0.777472E-02   0.247027E-01   0.194800E+04
   0.209819E-01   0.765428E-02   0.243869E-01   0.195600E+04
   0.209487E-01   0.753039E-02   0.240957E-01   0.196400E+04
   0.208788E-01   0.743264E-02   0.238291E-01   0.197200E+04
   0.208394E-01   0.733738E-02   0.235897E-01   0.198000E+04
   0.207591E-01   0.726061E-02   0.233762E-01   0.198800E+04
   0.207076E-01   0.719518E-02   0.231928E-01   0.199600E+04
   0.206362E-01   0.714768E-02   0.230393E-01   0.200400E+04
   0.206243E-01   0.711928E-02   0.229215E-01   0.201200E+04
   0.205398E-01   0.710501E-02   0.228392E-01   0.202000E+04
   0.206282E-01   0.711983E-02   0.227918E-01   0.202800E+04
   0.205299E-01   0.714366E-02   0.227886E-01   0.203600E+04
   0.207738E-01   0.723807E-02   0.229248E-01   0.204400E+04
