#UWLE UWSB UWTOT zw
  -0.180164E+00  -0.402216E+00  -0.582378E+00   0.800000E+01
  -0.413533E+00  -0.167074E+00  -0.580609E+00   0.160000E+02
  -0.515272E+00  -0.630530E-01  -0.578327E+00   0.240000E+02
  -0.541663E+00  -0.341319E-01  -0.575795E+00   0.320000E+02
  -0.551663E+00  -0.215321E-01  -0.573193E+00   0.400000E+02
  -0.554902E+00  -0.156058E-01  -0.570507E+00   0.480000E+02
  -0.555992E+00  -0.117853E-01  -0.567778E+00   0.560000E+02
  -0.555507E+00  -0.954838E-02  -0.565058E+00   0.640000E+02
  -0.554591E+00  -0.777394E-02  -0.562366E+00   0.720000E+02
  -0.553074E+00  -0.657566E-02  -0.559650E+00   0.800000E+02
  -0.551371E+00  -0.553038E-02  -0.556901E+00   0.880000E+02
  -0.549341E+00  -0.478667E-02  -0.554129E+00   0.960000E+02
  -0.547206E+00  -0.414543E-02  -0.551350E+00   0.104000E+03
  -0.544942E+00  -0.366571E-02  -0.548606E+00   0.112000E+03
  -0.542673E+00  -0.322798E-02  -0.545901E+00   0.120000E+03
  -0.540272E+00  -0.290834E-02  -0.543181E+00   0.128000E+03
  -0.537829E+00  -0.260351E-02  -0.540430E+00   0.136000E+03
  -0.535314E+00  -0.235261E-02  -0.537667E+00   0.144000E+03
  -0.532792E+00  -0.211274E-02  -0.534905E+00   0.152000E+03
  -0.530267E+00  -0.190451E-02  -0.532171E+00   0.160000E+03
  -0.527751E+00  -0.172298E-02  -0.529476E+00   0.168000E+03
  -0.525250E+00  -0.156859E-02  -0.526819E+00   0.176000E+03
  -0.522788E+00  -0.140322E-02  -0.524191E+00   0.184000E+03
  -0.520330E+00  -0.127015E-02  -0.521600E+00   0.192000E+03
  -0.517886E+00  -0.114521E-02  -0.519030E+00   0.200000E+03
  -0.515426E+00  -0.103968E-02  -0.516465E+00   0.208000E+03
  -0.512961E+00  -0.947570E-03  -0.513910E+00   0.216000E+03
  -0.510472E+00  -0.867678E-03  -0.511339E+00   0.224000E+03
  -0.507947E+00  -0.800883E-03  -0.508747E+00   0.232000E+03
  -0.505404E+00  -0.742962E-03  -0.506147E+00   0.240000E+03
  -0.502849E+00  -0.690147E-03  -0.503539E+00   0.248000E+03
  -0.500290E+00  -0.641941E-03  -0.500933E+00   0.256000E+03
  -0.497706E+00  -0.606687E-03  -0.498315E+00   0.264000E+03
  -0.495106E+00  -0.557218E-03  -0.495663E+00   0.272000E+03
  -0.492467E+00  -0.507433E-03  -0.492973E+00   0.280000E+03
  -0.489756E+00  -0.475966E-03  -0.490232E+00   0.288000E+03
  -0.486962E+00  -0.461854E-03  -0.487424E+00   0.296000E+03
  -0.484098E+00  -0.443106E-03  -0.484541E+00   0.304000E+03
  -0.481174E+00  -0.424083E-03  -0.481598E+00   0.312000E+03
  -0.478184E+00  -0.401289E-03  -0.478586E+00   0.320000E+03
  -0.475122E+00  -0.370649E-03  -0.475496E+00   0.328000E+03
  -0.471991E+00  -0.349635E-03  -0.472339E+00   0.336000E+03
  -0.468791E+00  -0.335769E-03  -0.469126E+00   0.344000E+03
  -0.465543E+00  -0.318360E-03  -0.465861E+00   0.352000E+03
  -0.462270E+00  -0.292290E-03  -0.462563E+00   0.360000E+03
  -0.458970E+00  -0.270736E-03  -0.459239E+00   0.368000E+03
  -0.455640E+00  -0.256827E-03  -0.455897E+00   0.376000E+03
  -0.452297E+00  -0.251533E-03  -0.452548E+00   0.384000E+03
  -0.448948E+00  -0.249858E-03  -0.449196E+00   0.392000E+03
  -0.445590E+00  -0.245366E-03  -0.445835E+00   0.400000E+03
  -0.442225E+00  -0.230754E-03  -0.442456E+00   0.408000E+03
  -0.438846E+00  -0.215613E-03  -0.439062E+00   0.416000E+03
  -0.435436E+00  -0.213948E-03  -0.435648E+00   0.424000E+03
  -0.431992E+00  -0.211706E-03  -0.432203E+00   0.432000E+03
  -0.428516E+00  -0.200140E-03  -0.428715E+00   0.440000E+03
  -0.424991E+00  -0.195654E-03  -0.425187E+00   0.448000E+03
  -0.421442E+00  -0.183070E-03  -0.421625E+00   0.456000E+03
  -0.417862E+00  -0.161861E-03  -0.418024E+00   0.464000E+03
  -0.414228E+00  -0.149136E-03  -0.414377E+00   0.472000E+03
  -0.410555E+00  -0.137883E-03  -0.410692E+00   0.480000E+03
  -0.406846E+00  -0.126668E-03  -0.406973E+00   0.488000E+03
  -0.403102E+00  -0.124719E-03  -0.403228E+00   0.496000E+03
  -0.399350E+00  -0.118996E-03  -0.399469E+00   0.504000E+03
  -0.395575E+00  -0.103490E-03  -0.395679E+00   0.512000E+03
  -0.391761E+00  -0.925723E-04  -0.391853E+00   0.520000E+03
  -0.387915E+00  -0.790898E-04  -0.387994E+00   0.528000E+03
  -0.384054E+00  -0.617151E-04  -0.384119E+00   0.536000E+03
  -0.380181E+00  -0.466118E-04  -0.380228E+00   0.544000E+03
  -0.376300E+00  -0.266006E-04  -0.376327E+00   0.552000E+03
  -0.372414E+00  -0.631134E-05  -0.372421E+00   0.560000E+03
  -0.368518E+00  -0.989867E-06  -0.368518E+00   0.568000E+03
  -0.364594E+00   0.537808E-06  -0.364593E+00   0.576000E+03
  -0.360619E+00   0.989822E-05  -0.360609E+00   0.584000E+03
  -0.356571E+00   0.184091E-04  -0.356553E+00   0.592000E+03
  -0.352464E+00   0.217209E-04  -0.352442E+00   0.600000E+03
  -0.348348E+00   0.259069E-04  -0.348322E+00   0.608000E+03
  -0.344249E+00   0.330083E-04  -0.344216E+00   0.616000E+03
  -0.340161E+00   0.372738E-04  -0.340123E+00   0.624000E+03
  -0.336083E+00   0.458816E-04  -0.336037E+00   0.632000E+03
  -0.331990E+00   0.454219E-04  -0.331945E+00   0.640000E+03
  -0.327910E+00   0.554389E-04  -0.327855E+00   0.648000E+03
  -0.323830E+00   0.613728E-04  -0.323769E+00   0.656000E+03
  -0.319755E+00   0.628340E-04  -0.319693E+00   0.664000E+03
  -0.315691E+00   0.645858E-04  -0.315626E+00   0.672000E+03
  -0.311630E+00   0.645667E-04  -0.311566E+00   0.680000E+03
  -0.307573E+00   0.717414E-04  -0.307502E+00   0.688000E+03
  -0.303497E+00   0.750720E-04  -0.303422E+00   0.696000E+03
  -0.299395E+00   0.684283E-04  -0.299326E+00   0.704000E+03
  -0.295291E+00   0.585164E-04  -0.295233E+00   0.712000E+03
  -0.291196E+00   0.489187E-04  -0.291146E+00   0.720000E+03
  -0.287091E+00   0.443575E-04  -0.287046E+00   0.728000E+03
  -0.282965E+00   0.445823E-04  -0.282919E+00   0.736000E+03
  -0.278814E+00   0.527682E-04  -0.278761E+00   0.744000E+03
  -0.274636E+00   0.579010E-04  -0.274578E+00   0.752000E+03
  -0.270431E+00   0.520637E-04  -0.270379E+00   0.760000E+03
  -0.266203E+00   0.446246E-04  -0.266157E+00   0.768000E+03
  -0.261963E+00   0.400771E-04  -0.261922E+00   0.776000E+03
  -0.257701E+00   0.285553E-04  -0.257671E+00   0.784000E+03
  -0.253410E+00   0.138621E-04  -0.253396E+00   0.792000E+03
  -0.249106E+00   0.719893E-05  -0.249099E+00   0.800000E+03
  -0.244779E+00   0.391525E-05  -0.244775E+00   0.808000E+03
  -0.240415E+00  -0.562450E-05  -0.240421E+00   0.816000E+03
  -0.236035E+00  -0.877701E-05  -0.236043E+00   0.824000E+03
  -0.231643E+00  -0.758293E-05  -0.231650E+00   0.832000E+03
  -0.227243E+00  -0.932235E-05  -0.227252E+00   0.840000E+03
  -0.222862E+00  -0.599311E-05  -0.222868E+00   0.848000E+03
  -0.218510E+00  -0.285817E-05  -0.218513E+00   0.856000E+03
  -0.214175E+00  -0.155068E-04  -0.214191E+00   0.864000E+03
  -0.209858E+00  -0.260798E-04  -0.209884E+00   0.872000E+03
  -0.205551E+00  -0.447415E-04  -0.205595E+00   0.880000E+03
  -0.201277E+00  -0.584489E-04  -0.201335E+00   0.888000E+03
  -0.197044E+00  -0.668928E-04  -0.197111E+00   0.896000E+03
  -0.192857E+00  -0.727138E-04  -0.192930E+00   0.904000E+03
  -0.188721E+00  -0.782983E-04  -0.188799E+00   0.912000E+03
  -0.184630E+00  -0.873338E-04  -0.184717E+00   0.920000E+03
  -0.180579E+00  -0.996692E-04  -0.180679E+00   0.928000E+03
  -0.176568E+00  -0.105775E-03  -0.176674E+00   0.936000E+03
  -0.172559E+00  -0.120630E-03  -0.172679E+00   0.944000E+03
  -0.168541E+00  -0.145424E-03  -0.168686E+00   0.952000E+03
  -0.164537E+00  -0.168574E-03  -0.164705E+00   0.960000E+03
  -0.160556E+00  -0.187268E-03  -0.160742E+00   0.968000E+03
  -0.156586E+00  -0.205320E-03  -0.156791E+00   0.976000E+03
  -0.152634E+00  -0.220865E-03  -0.152854E+00   0.984000E+03
  -0.148687E+00  -0.241890E-03  -0.148929E+00   0.992000E+03
  -0.144739E+00  -0.267508E-03  -0.145007E+00   0.100000E+04
  -0.140799E+00  -0.298707E-03  -0.141098E+00   0.100800E+04
  -0.136880E+00  -0.326754E-03  -0.137207E+00   0.101600E+04
  -0.132991E+00  -0.358144E-03  -0.133350E+00   0.102400E+04
  -0.129148E+00  -0.387822E-03  -0.129535E+00   0.103200E+04
  -0.125334E+00  -0.413074E-03  -0.125747E+00   0.104000E+04
  -0.121532E+00  -0.438677E-03  -0.121970E+00   0.104800E+04
  -0.117739E+00  -0.469648E-03  -0.118209E+00   0.105600E+04
  -0.113959E+00  -0.498566E-03  -0.114457E+00   0.106400E+04
  -0.110186E+00  -0.518164E-03  -0.110705E+00   0.107200E+04
  -0.106404E+00  -0.538276E-03  -0.106942E+00   0.108000E+04
  -0.102600E+00  -0.566351E-03  -0.103167E+00   0.108800E+04
  -0.988106E-01  -0.584828E-03  -0.993956E-01   0.109600E+04
  -0.950224E-01  -0.607969E-03  -0.956304E-01   0.110400E+04
  -0.912349E-01  -0.635021E-03  -0.918703E-01   0.111200E+04
  -0.874654E-01  -0.655786E-03  -0.881211E-01   0.112000E+04
  -0.837035E-01  -0.673438E-03  -0.843770E-01   0.112800E+04
  -0.799532E-01  -0.681403E-03  -0.806348E-01   0.113600E+04
  -0.761999E-01  -0.695391E-03  -0.768954E-01   0.114400E+04
  -0.724595E-01  -0.695754E-03  -0.731551E-01   0.115200E+04
  -0.687125E-01  -0.707395E-03  -0.694201E-01   0.116000E+04
  -0.649874E-01  -0.715331E-03  -0.657027E-01   0.116800E+04
  -0.612805E-01  -0.731922E-03  -0.620125E-01   0.117600E+04
  -0.576165E-01  -0.744913E-03  -0.583613E-01   0.118400E+04
  -0.540083E-01  -0.748610E-03  -0.547569E-01   0.119200E+04
  -0.504249E-01  -0.754911E-03  -0.511798E-01   0.120000E+04
  -0.468883E-01  -0.746555E-03  -0.476348E-01   0.120800E+04
  -0.434424E-01  -0.724319E-03  -0.441668E-01   0.121600E+04
  -0.400906E-01  -0.716017E-03  -0.408066E-01   0.122400E+04
  -0.368664E-01  -0.709451E-03  -0.375758E-01   0.123200E+04
  -0.338141E-01  -0.687870E-03  -0.345019E-01   0.124000E+04
  -0.309152E-01  -0.678836E-03  -0.315940E-01   0.124800E+04
  -0.282119E-01  -0.662518E-03  -0.288744E-01   0.125600E+04
  -0.257179E-01  -0.638395E-03  -0.263562E-01   0.126400E+04
  -0.234203E-01  -0.615805E-03  -0.240361E-01   0.127200E+04
  -0.213023E-01  -0.575521E-03  -0.218778E-01   0.128000E+04
  -0.193524E-01  -0.520360E-03  -0.198728E-01   0.128800E+04
  -0.175547E-01  -0.478087E-03  -0.180328E-01   0.129600E+04
  -0.159459E-01  -0.422354E-03  -0.163682E-01   0.130400E+04
  -0.145385E-01  -0.363043E-03  -0.149015E-01   0.131200E+04
  -0.133495E-01  -0.288754E-03  -0.136382E-01   0.132000E+04
  -0.123384E-01  -0.221284E-03  -0.125597E-01   0.132800E+04
  -0.114457E-01  -0.174969E-03  -0.116207E-01   0.133600E+04
  -0.106848E-01  -0.132000E-03  -0.108168E-01   0.134400E+04
  -0.100826E-01  -0.892508E-04  -0.101719E-01   0.135200E+04
  -0.961980E-02  -0.627214E-04  -0.968250E-02   0.136000E+04
  -0.928384E-02  -0.399108E-04  -0.932375E-02   0.136800E+04
  -0.905806E-02  -0.255411E-04  -0.908357E-02   0.137600E+04
  -0.890969E-02  -0.114141E-04  -0.892111E-02   0.138400E+04
  -0.880969E-02  -0.223760E-05  -0.881190E-02   0.139200E+04
  -0.874995E-02   0.401737E-05  -0.874596E-02   0.140000E+04
  -0.871896E-02   0.739318E-05  -0.871156E-02   0.140800E+04
  -0.871121E-02   0.861714E-05  -0.870260E-02   0.141600E+04
  -0.871609E-02   0.879236E-05  -0.870730E-02   0.142400E+04
  -0.873158E-02   0.807116E-05  -0.872352E-02   0.143200E+04
  -0.875274E-02   0.658695E-05  -0.874615E-02   0.144000E+04
  -0.877850E-02   0.546675E-05  -0.877301E-02   0.144800E+04
  -0.880678E-02   0.396651E-05  -0.880283E-02   0.145600E+04
  -0.883356E-02   0.290882E-05  -0.883067E-02   0.146400E+04
  -0.886032E-02   0.209503E-05  -0.885818E-02   0.147200E+04
  -0.888326E-02   0.151873E-05  -0.888173E-02   0.148000E+04
  -0.890415E-02   0.110014E-05  -0.890305E-02   0.148800E+04
  -0.892248E-02   0.800506E-06  -0.892167E-02   0.149600E+04
  -0.893937E-02   0.570746E-06  -0.893879E-02   0.150400E+04
  -0.895497E-02   0.400005E-06  -0.895456E-02   0.151200E+04
  -0.896993E-02   0.265871E-06  -0.896967E-02   0.152000E+04
  -0.898456E-02   0.169992E-06  -0.898441E-02   0.152800E+04
  -0.899968E-02   0.105631E-06  -0.899959E-02   0.153600E+04
  -0.901573E-02   0.641522E-07  -0.901566E-02   0.154400E+04
  -0.903298E-02   0.379051E-07  -0.903294E-02   0.155200E+04
  -0.905168E-02   0.218386E-07  -0.905166E-02   0.156000E+04
  -0.907176E-02   0.120814E-07  -0.907175E-02   0.156800E+04
  -0.909307E-02   0.646861E-08  -0.909305E-02   0.157600E+04
  -0.911533E-02   0.342205E-08  -0.911533E-02   0.158400E+04
  -0.913857E-02   0.180645E-08  -0.913857E-02   0.159200E+04
  -0.916271E-02   0.941703E-09  -0.916271E-02   0.160000E+04
  -0.918762E-02   0.488097E-09  -0.918762E-02   0.160800E+04
  -0.921316E-02   0.254716E-09  -0.921316E-02   0.161600E+04
  -0.923937E-02   0.135815E-09  -0.923937E-02   0.162400E+04
  -0.926646E-02   0.731521E-10  -0.926646E-02   0.163200E+04
  -0.929474E-02   0.392407E-10  -0.929474E-02   0.164000E+04
  -0.932444E-02   0.208379E-10  -0.932444E-02   0.164800E+04
  -0.935562E-02   0.110980E-10  -0.935562E-02   0.165600E+04
  -0.938832E-02   0.592370E-11  -0.938832E-02   0.166400E+04
  -0.942242E-02   0.319732E-11  -0.942242E-02   0.167200E+04
  -0.945790E-02   0.174813E-11  -0.945790E-02   0.168000E+04
  -0.949451E-02   0.988124E-12  -0.949451E-02   0.168800E+04
  -0.953186E-02   0.637225E-12  -0.953186E-02   0.169600E+04
  -0.956944E-02   0.498027E-12  -0.956944E-02   0.170400E+04
  -0.960688E-02   0.446910E-12  -0.960688E-02   0.171200E+04
  -0.964385E-02   0.416069E-12  -0.964385E-02   0.172000E+04
  -0.968014E-02   0.384404E-12  -0.968014E-02   0.172800E+04
  -0.971593E-02   0.349579E-12  -0.971593E-02   0.173600E+04
  -0.975162E-02   0.321121E-12  -0.975162E-02   0.174400E+04
  -0.978759E-02   0.300532E-12  -0.978759E-02   0.175200E+04
  -0.982391E-02   0.288968E-12  -0.982391E-02   0.176000E+04
  -0.986052E-02   0.277292E-12  -0.986052E-02   0.176800E+04
  -0.989713E-02   0.263895E-12  -0.989713E-02   0.177600E+04
  -0.993341E-02   0.242859E-12  -0.993341E-02   0.178400E+04
  -0.996903E-02   0.222934E-12  -0.996903E-02   0.179200E+04
  -0.100036E-01   0.203912E-12  -0.100036E-01   0.180000E+04
  -0.100366E-01   0.193830E-12  -0.100366E-01   0.180800E+04
  -0.100679E-01   0.183656E-12  -0.100679E-01   0.181600E+04
  -0.100969E-01   0.173717E-12  -0.100969E-01   0.182400E+04
  -0.101236E-01   0.156660E-12  -0.101236E-01   0.183200E+04
  -0.101477E-01   0.127414E-12  -0.101477E-01   0.184000E+04
  -0.101691E-01   0.846051E-13  -0.101691E-01   0.184800E+04
  -0.101877E-01  -0.226775E-13  -0.101877E-01   0.185600E+04
  -0.102036E-01  -0.100800E-12  -0.102036E-01   0.186400E+04
  -0.102166E-01  -0.373435E-12  -0.102166E-01   0.187200E+04
  -0.102276E-01  -0.497613E-12  -0.102276E-01   0.188000E+04
  -0.102359E-01  -0.108622E-11  -0.102359E-01   0.188800E+04
  -0.102432E-01  -0.121732E-11  -0.102432E-01   0.189600E+04
  -0.102482E-01  -0.231222E-11  -0.102482E-01   0.190400E+04
  -0.102523E-01  -0.242377E-11  -0.102523E-01   0.191200E+04
  -0.102542E-01  -0.439368E-11  -0.102542E-01   0.192000E+04
  -0.102547E-01  -0.445978E-11  -0.102547E-01   0.192800E+04
  -0.102537E-01  -0.830804E-11  -0.102537E-01   0.193600E+04
  -0.102508E-01  -0.843916E-11  -0.102508E-01   0.194400E+04
  -0.102473E-01  -0.154741E-10  -0.102473E-01   0.195200E+04
  -0.102419E-01  -0.135078E-10  -0.102419E-01   0.196000E+04
  -0.102359E-01  -0.204123E-09  -0.102359E-01   0.196800E+04
  -0.102283E-01  -0.304083E-09  -0.102283E-01   0.197600E+04
  -0.102201E-01  -0.100542E-09  -0.102201E-01   0.198400E+04
  -0.102113E-01  -0.348386E-10  -0.102113E-01   0.199200E+04
  -0.101996E-01   0.601477E-10  -0.101996E-01   0.200000E+04
  -0.101892E-01  -0.158135E-08  -0.101892E-01   0.200800E+04
  -0.101728E-01   0.171277E-08  -0.101728E-01   0.201600E+04
  -0.101622E-01   0.111471E-07  -0.101622E-01   0.202400E+04
  -0.101459E-01   0.745487E-08  -0.101458E-01   0.203200E+04
  -0.101358E-01   0.207375E-06  -0.101356E-01   0.204000E+04
  -0.101304E-01   0.231356E-30  -0.101304E-01   0.204800E+04
