#<u>, <v>, zu
   0.663756E+01   0.266002E+01   0.400000E+01
   0.937739E+01   0.372984E+01   0.120000E+02
   0.108057E+02   0.426876E+01   0.200000E+02
   0.114410E+02   0.449900E+01   0.280000E+02
   0.118199E+02   0.463382E+01   0.360000E+02
   0.120713E+02   0.472167E+01   0.440000E+02
   0.122662E+02   0.478983E+01   0.520000E+02
   0.124201E+02   0.484331E+01   0.600000E+02
   0.125522E+02   0.488902E+01   0.680000E+02
   0.126640E+02   0.492829E+01   0.760000E+02
   0.127632E+02   0.496394E+01   0.840000E+02
   0.128495E+02   0.499677E+01   0.920000E+02
   0.129270E+02   0.502783E+01   0.100000E+03
   0.129961E+02   0.505687E+01   0.108000E+03
   0.130593E+02   0.508333E+01   0.116000E+03
   0.131159E+02   0.510790E+01   0.124000E+03
   0.131679E+02   0.513094E+01   0.132000E+03
   0.132153E+02   0.515285E+01   0.140000E+03
   0.132588E+02   0.517382E+01   0.148000E+03
   0.132983E+02   0.519418E+01   0.156000E+03
   0.133345E+02   0.521363E+01   0.164000E+03
   0.133677E+02   0.523205E+01   0.172000E+03
   0.133983E+02   0.524940E+01   0.180000E+03
   0.134257E+02   0.526585E+01   0.188000E+03
   0.134507E+02   0.528114E+01   0.196000E+03
   0.134733E+02   0.529575E+01   0.204000E+03
   0.134941E+02   0.530986E+01   0.212000E+03
   0.135129E+02   0.532364E+01   0.220000E+03
   0.135300E+02   0.533691E+01   0.228000E+03
   0.135458E+02   0.534941E+01   0.236000E+03
   0.135603E+02   0.536110E+01   0.244000E+03
   0.135737E+02   0.537199E+01   0.252000E+03
   0.135863E+02   0.538191E+01   0.260000E+03
   0.135983E+02   0.539115E+01   0.268000E+03
   0.136094E+02   0.539927E+01   0.276000E+03
   0.136193E+02   0.540644E+01   0.284000E+03
   0.136287E+02   0.541234E+01   0.292000E+03
   0.136377E+02   0.541718E+01   0.300000E+03
   0.136464E+02   0.542122E+01   0.308000E+03
   0.136547E+02   0.542472E+01   0.316000E+03
   0.136627E+02   0.542764E+01   0.324000E+03
   0.136701E+02   0.542993E+01   0.332000E+03
   0.136771E+02   0.543204E+01   0.340000E+03
   0.136838E+02   0.543364E+01   0.348000E+03
   0.136903E+02   0.543474E+01   0.356000E+03
   0.136960E+02   0.543542E+01   0.364000E+03
   0.137012E+02   0.543579E+01   0.372000E+03
   0.137060E+02   0.543577E+01   0.380000E+03
   0.137106E+02   0.543530E+01   0.388000E+03
   0.137153E+02   0.543452E+01   0.396000E+03
   0.137199E+02   0.543349E+01   0.404000E+03
   0.137243E+02   0.543223E+01   0.412000E+03
   0.137284E+02   0.543093E+01   0.420000E+03
   0.137324E+02   0.542955E+01   0.428000E+03
   0.137365E+02   0.542801E+01   0.436000E+03
   0.137403E+02   0.542631E+01   0.444000E+03
   0.137440E+02   0.542451E+01   0.452000E+03
   0.137474E+02   0.542260E+01   0.460000E+03
   0.137503E+02   0.542015E+01   0.468000E+03
   0.137528E+02   0.541730E+01   0.476000E+03
   0.137550E+02   0.541405E+01   0.484000E+03
   0.137569E+02   0.541043E+01   0.492000E+03
   0.137589E+02   0.540682E+01   0.500000E+03
   0.137607E+02   0.540331E+01   0.508000E+03
   0.137622E+02   0.539985E+01   0.516000E+03
   0.137634E+02   0.539629E+01   0.524000E+03
   0.137642E+02   0.539256E+01   0.532000E+03
   0.137646E+02   0.538837E+01   0.540000E+03
   0.137646E+02   0.538355E+01   0.548000E+03
   0.137640E+02   0.537830E+01   0.556000E+03
   0.137628E+02   0.537308E+01   0.564000E+03
   0.137613E+02   0.536797E+01   0.572000E+03
   0.137597E+02   0.536257E+01   0.580000E+03
   0.137576E+02   0.535689E+01   0.588000E+03
   0.137552E+02   0.535111E+01   0.596000E+03
   0.137528E+02   0.534515E+01   0.604000E+03
   0.137502E+02   0.533900E+01   0.612000E+03
   0.137474E+02   0.533259E+01   0.620000E+03
   0.137445E+02   0.532610E+01   0.628000E+03
   0.137413E+02   0.531928E+01   0.636000E+03
   0.137382E+02   0.531211E+01   0.644000E+03
   0.137349E+02   0.530471E+01   0.652000E+03
   0.137314E+02   0.529689E+01   0.660000E+03
   0.137279E+02   0.528839E+01   0.668000E+03
   0.137243E+02   0.527949E+01   0.676000E+03
   0.137207E+02   0.527027E+01   0.684000E+03
   0.137168E+02   0.526092E+01   0.692000E+03
   0.137128E+02   0.525125E+01   0.700000E+03
   0.137090E+02   0.524125E+01   0.708000E+03
   0.137055E+02   0.523102E+01   0.716000E+03
   0.137023E+02   0.522036E+01   0.724000E+03
   0.136993E+02   0.520915E+01   0.732000E+03
   0.136963E+02   0.519756E+01   0.740000E+03
   0.136931E+02   0.518563E+01   0.748000E+03
   0.136898E+02   0.517343E+01   0.756000E+03
   0.136867E+02   0.516124E+01   0.764000E+03
   0.136839E+02   0.514911E+01   0.772000E+03
   0.136812E+02   0.513702E+01   0.780000E+03
   0.136790E+02   0.512463E+01   0.788000E+03
   0.136773E+02   0.511209E+01   0.796000E+03
   0.136759E+02   0.509963E+01   0.804000E+03
   0.136747E+02   0.508692E+01   0.812000E+03
   0.136740E+02   0.507414E+01   0.820000E+03
   0.136734E+02   0.506145E+01   0.828000E+03
   0.136729E+02   0.504856E+01   0.836000E+03
   0.136725E+02   0.503539E+01   0.844000E+03
   0.136720E+02   0.502221E+01   0.852000E+03
   0.136713E+02   0.500880E+01   0.860000E+03
   0.136711E+02   0.499510E+01   0.868000E+03
   0.136712E+02   0.498100E+01   0.876000E+03
   0.136720E+02   0.496662E+01   0.884000E+03
   0.136733E+02   0.495187E+01   0.892000E+03
   0.136749E+02   0.493684E+01   0.900000E+03
   0.136767E+02   0.492149E+01   0.908000E+03
   0.136787E+02   0.490550E+01   0.916000E+03
   0.136810E+02   0.488898E+01   0.924000E+03
   0.136840E+02   0.487238E+01   0.932000E+03
   0.136873E+02   0.485533E+01   0.940000E+03
   0.136912E+02   0.483772E+01   0.948000E+03
   0.136959E+02   0.481962E+01   0.956000E+03
   0.137015E+02   0.480105E+01   0.964000E+03
   0.137076E+02   0.478227E+01   0.972000E+03
   0.137144E+02   0.476314E+01   0.980000E+03
   0.137218E+02   0.474371E+01   0.988000E+03
   0.137301E+02   0.472385E+01   0.996000E+03
   0.137393E+02   0.470403E+01   0.100400E+04
   0.137497E+02   0.468422E+01   0.101200E+04
   0.137613E+02   0.466434E+01   0.102000E+04
   0.137743E+02   0.464454E+01   0.102800E+04
   0.137885E+02   0.462461E+01   0.103600E+04
   0.138038E+02   0.460460E+01   0.104400E+04
   0.138202E+02   0.458478E+01   0.105200E+04
   0.138381E+02   0.456468E+01   0.106000E+04
   0.138571E+02   0.454437E+01   0.106800E+04
   0.138770E+02   0.452345E+01   0.107600E+04
   0.138977E+02   0.450165E+01   0.108400E+04
   0.139197E+02   0.447891E+01   0.109200E+04
   0.139426E+02   0.445544E+01   0.110000E+04
   0.139664E+02   0.443089E+01   0.110800E+04
   0.139915E+02   0.440497E+01   0.111600E+04
   0.140181E+02   0.437731E+01   0.112400E+04
   0.140458E+02   0.434735E+01   0.113200E+04
   0.140742E+02   0.431447E+01   0.114000E+04
   0.141037E+02   0.427814E+01   0.114800E+04
   0.141334E+02   0.423759E+01   0.115600E+04
   0.141639E+02   0.419177E+01   0.116400E+04
   0.141951E+02   0.413995E+01   0.117200E+04
   0.142276E+02   0.408059E+01   0.118000E+04
   0.142609E+02   0.401177E+01   0.118800E+04
   0.142944E+02   0.393268E+01   0.119600E+04
   0.143283E+02   0.384281E+01   0.120400E+04
   0.143623E+02   0.373995E+01   0.121200E+04
   0.143955E+02   0.362253E+01   0.122000E+04
   0.144285E+02   0.348904E+01   0.122800E+04
   0.144616E+02   0.333793E+01   0.123600E+04
   0.144946E+02   0.316812E+01   0.124400E+04
   0.145290E+02   0.298028E+01   0.125200E+04
   0.145641E+02   0.277685E+01   0.126000E+04
   0.145994E+02   0.255970E+01   0.126800E+04
   0.146356E+02   0.233115E+01   0.127600E+04
   0.146721E+02   0.209348E+01   0.128400E+04
   0.147087E+02   0.185126E+01   0.129200E+04
   0.147461E+02   0.160523E+01   0.130000E+04
   0.147830E+02   0.135923E+01   0.130800E+04
   0.148192E+02   0.111880E+01   0.131600E+04
   0.148538E+02   0.890499E+00   0.132400E+04
   0.148867E+02   0.683949E+00   0.133200E+04
   0.149177E+02   0.506385E+00   0.134000E+04
   0.149464E+02   0.359620E+00   0.134800E+04
   0.149714E+02   0.244646E+00   0.135600E+04
   0.149924E+02   0.159638E+00   0.136400E+04
   0.150090E+02   0.100515E+00   0.137200E+04
   0.150217E+02   0.614809E-01   0.138000E+04
   0.150298E+02   0.378462E-01   0.138800E+04
   0.150348E+02   0.237732E-01   0.139600E+04
   0.150369E+02   0.165006E-01   0.140400E+04
   0.150371E+02   0.124517E-01   0.141200E+04
   0.150361E+02   0.104953E-01   0.142000E+04
   0.150346E+02   0.920258E-02   0.142800E+04
   0.150329E+02   0.850557E-02   0.143600E+04
   0.150313E+02   0.799701E-02   0.144400E+04
   0.150296E+02   0.770617E-02   0.145200E+04
   0.150280E+02   0.735455E-02   0.146000E+04
   0.150266E+02   0.722084E-02   0.146800E+04
   0.150252E+02   0.700486E-02   0.147600E+04
   0.150238E+02   0.695512E-02   0.148400E+04
   0.150225E+02   0.688126E-02   0.149200E+04
   0.150213E+02   0.685199E-02   0.150000E+04
   0.150201E+02   0.680331E-02   0.150800E+04
   0.150190E+02   0.676655E-02   0.151600E+04
   0.150179E+02   0.672501E-02   0.152400E+04
   0.150169E+02   0.666101E-02   0.153200E+04
   0.150159E+02   0.658464E-02   0.154000E+04
   0.150150E+02   0.650578E-02   0.154800E+04
   0.150141E+02   0.641576E-02   0.155600E+04
   0.150132E+02   0.632014E-02   0.156400E+04
   0.150124E+02   0.622423E-02   0.157200E+04
   0.150117E+02   0.613295E-02   0.158000E+04
   0.150109E+02   0.604902E-02   0.158800E+04
   0.150103E+02   0.597383E-02   0.159600E+04
   0.150096E+02   0.591232E-02   0.160400E+04
   0.150089E+02   0.585854E-02   0.161200E+04
   0.150083E+02   0.580971E-02   0.162000E+04
   0.150077E+02   0.576711E-02   0.162800E+04
   0.150072E+02   0.573313E-02   0.163600E+04
   0.150066E+02   0.570963E-02   0.164400E+04
   0.150061E+02   0.569482E-02   0.165200E+04
   0.150056E+02   0.568372E-02   0.166000E+04
   0.150052E+02   0.566987E-02   0.166800E+04
   0.150047E+02   0.564481E-02   0.167600E+04
   0.150042E+02   0.560552E-02   0.168400E+04
   0.150037E+02   0.555473E-02   0.169200E+04
   0.150032E+02   0.549536E-02   0.170000E+04
   0.150027E+02   0.543089E-02   0.170800E+04
   0.150023E+02   0.536672E-02   0.171600E+04
   0.150018E+02   0.531146E-02   0.172400E+04
   0.150014E+02   0.527005E-02   0.173200E+04
   0.150010E+02   0.524667E-02   0.174000E+04
   0.150006E+02   0.523767E-02   0.174800E+04
   0.150002E+02   0.524044E-02   0.175600E+04
   0.149999E+02   0.524480E-02   0.176400E+04
   0.149996E+02   0.525081E-02   0.177200E+04
   0.149993E+02   0.525217E-02   0.178000E+04
   0.149990E+02   0.525586E-02   0.178800E+04
   0.149988E+02   0.526551E-02   0.179600E+04
   0.149985E+02   0.528115E-02   0.180400E+04
   0.149983E+02   0.530365E-02   0.181200E+04
   0.149981E+02   0.531219E-02   0.182000E+04
   0.149979E+02   0.532983E-02   0.182800E+04
   0.149977E+02   0.531093E-02   0.183600E+04
   0.149975E+02   0.532022E-02   0.184400E+04
   0.149973E+02   0.526409E-02   0.185200E+04
   0.149971E+02   0.527723E-02   0.186000E+04
   0.149969E+02   0.519303E-02   0.186800E+04
   0.149968E+02   0.524136E-02   0.187600E+04
   0.149966E+02   0.512397E-02   0.188400E+04
   0.149966E+02   0.523458E-02   0.189200E+04
   0.149964E+02   0.505711E-02   0.190000E+04
   0.149965E+02   0.526652E-02   0.190800E+04
   0.149963E+02   0.497948E-02   0.191600E+04
   0.149965E+02   0.531485E-02   0.192400E+04
   0.149963E+02   0.488871E-02   0.193200E+04
   0.149965E+02   0.534728E-02   0.194000E+04
   0.149964E+02   0.483828E-02   0.194800E+04
   0.149967E+02   0.531605E-02   0.195600E+04
   0.149968E+02   0.488133E-02   0.196400E+04
   0.149971E+02   0.518979E-02   0.197200E+04
   0.149973E+02   0.498641E-02   0.198000E+04
   0.149977E+02   0.493968E-02   0.198800E+04
   0.149980E+02   0.511369E-02   0.199600E+04
   0.149985E+02   0.453791E-02   0.200400E+04
   0.149986E+02   0.514194E-02   0.201200E+04
   0.149993E+02   0.405166E-02   0.202000E+04
   0.149990E+02   0.517621E-02   0.202800E+04
   0.149997E+02   0.428356E-02   0.203600E+04
   0.149991E+02   0.675810E-02   0.204400E+04
