#VTLE VTSB VTTOT zu
  -0.509806E-01  -0.229078E-03  -0.512097E-01   0.400000E+01
  -0.965456E-01  -0.154151E-03  -0.966998E-01   0.120000E+02
  -0.117878E+00  -0.110519E-03  -0.117989E+00   0.200000E+02
  -0.109851E+00  -0.196671E-03  -0.110048E+00   0.280000E+02
  -0.950508E-01  -0.100248E-03  -0.951510E-01   0.360000E+02
  -0.802181E-01  -0.160227E-03  -0.803783E-01   0.440000E+02
  -0.684400E-01  -0.847133E-04  -0.685248E-01   0.520000E+02
  -0.591119E-01  -0.124585E-03  -0.592365E-01   0.600000E+02
  -0.518513E-01  -0.659221E-04  -0.519172E-01   0.680000E+02
  -0.458927E-01  -0.936345E-04  -0.459864E-01   0.760000E+02
  -0.410630E-01  -0.510617E-04  -0.411140E-01   0.840000E+02
  -0.369094E-01  -0.722124E-04  -0.369816E-01   0.920000E+02
  -0.334123E-01  -0.414534E-04  -0.334538E-01   0.100000E+03
  -0.303557E-01  -0.580313E-04  -0.304138E-01   0.108000E+03
  -0.277027E-01  -0.338330E-04  -0.277366E-01   0.116000E+03
  -0.253266E-01  -0.475346E-04  -0.253741E-01   0.124000E+03
  -0.231099E-01  -0.291585E-04  -0.231390E-01   0.132000E+03
  -0.211154E-01  -0.402042E-04  -0.211556E-01   0.140000E+03
  -0.194317E-01  -0.247131E-04  -0.194564E-01   0.148000E+03
  -0.179937E-01  -0.343767E-04  -0.180281E-01   0.156000E+03
  -0.167482E-01  -0.214389E-04  -0.167697E-01   0.164000E+03
  -0.156655E-01  -0.303201E-04  -0.156958E-01   0.172000E+03
  -0.147453E-01  -0.202915E-04  -0.147656E-01   0.180000E+03
  -0.138689E-01  -0.275966E-04  -0.138965E-01   0.188000E+03
  -0.130491E-01  -0.187822E-04  -0.130678E-01   0.196000E+03
  -0.122541E-01  -0.246056E-04  -0.122787E-01   0.204000E+03
  -0.114339E-01  -0.170272E-04  -0.114510E-01   0.212000E+03
  -0.106468E-01  -0.218391E-04  -0.106686E-01   0.220000E+03
  -0.991938E-02  -0.151291E-04  -0.993451E-02   0.228000E+03
  -0.925443E-02  -0.193583E-04  -0.927379E-02   0.236000E+03
  -0.861871E-02  -0.137306E-04  -0.863244E-02   0.244000E+03
  -0.799267E-02  -0.173441E-04  -0.801001E-02   0.252000E+03
  -0.743260E-02  -0.125656E-04  -0.744516E-02   0.260000E+03
  -0.693976E-02  -0.154621E-04  -0.695523E-02   0.268000E+03
  -0.653200E-02  -0.111469E-04  -0.654315E-02   0.276000E+03
  -0.617776E-02  -0.137467E-04  -0.619150E-02   0.284000E+03
  -0.583586E-02  -0.104467E-04  -0.584631E-02   0.292000E+03
  -0.548225E-02  -0.126262E-04  -0.549488E-02   0.300000E+03
  -0.511352E-02  -0.100015E-04  -0.512352E-02   0.308000E+03
  -0.473044E-02  -0.119766E-04  -0.474242E-02   0.316000E+03
  -0.431184E-02  -0.932674E-05  -0.432116E-02   0.324000E+03
  -0.386469E-02  -0.110966E-04  -0.387579E-02   0.332000E+03
  -0.344281E-02  -0.831418E-05  -0.345112E-02   0.340000E+03
  -0.303702E-02  -0.987737E-05  -0.304690E-02   0.348000E+03
  -0.265554E-02  -0.774567E-05  -0.266328E-02   0.356000E+03
  -0.228159E-02  -0.917945E-05  -0.229077E-02   0.364000E+03
  -0.189920E-02  -0.781600E-05  -0.190702E-02   0.372000E+03
  -0.154685E-02  -0.893414E-05  -0.155579E-02   0.380000E+03
  -0.126596E-02  -0.764816E-05  -0.127361E-02   0.388000E+03
  -0.104907E-02  -0.871860E-05  -0.105779E-02   0.396000E+03
  -0.873919E-03  -0.759881E-05  -0.881517E-03   0.404000E+03
  -0.721359E-03  -0.851110E-05  -0.729870E-03   0.412000E+03
  -0.574819E-03  -0.720417E-05  -0.582023E-03   0.420000E+03
  -0.409082E-03  -0.815628E-05  -0.417239E-03   0.428000E+03
  -0.241923E-03  -0.705210E-05  -0.248975E-03   0.436000E+03
  -0.742373E-04  -0.803823E-05  -0.822755E-04   0.444000E+03
   0.107213E-03  -0.682790E-05   0.100385E-03   0.452000E+03
   0.253416E-03  -0.776940E-05   0.245646E-03   0.460000E+03
   0.380820E-03  -0.662222E-05   0.374198E-03   0.468000E+03
   0.507551E-03  -0.744275E-05   0.500109E-03   0.476000E+03
   0.637672E-03  -0.648009E-05   0.631192E-03   0.484000E+03
   0.778940E-03  -0.722862E-05   0.771711E-03   0.492000E+03
   0.930836E-03  -0.643330E-05   0.924403E-03   0.500000E+03
   0.110362E-02  -0.714203E-05   0.109648E-02   0.508000E+03
   0.127731E-02  -0.631547E-05   0.127100E-02   0.516000E+03
   0.145816E-02  -0.699027E-05   0.145117E-02   0.524000E+03
   0.167173E-02  -0.622042E-05   0.166551E-02   0.532000E+03
   0.188124E-02  -0.682154E-05   0.187442E-02   0.540000E+03
   0.208531E-02  -0.619485E-05   0.207912E-02   0.548000E+03
   0.227139E-02  -0.681149E-05   0.226458E-02   0.556000E+03
   0.242418E-02  -0.627027E-05   0.241791E-02   0.564000E+03
   0.256167E-02  -0.671493E-05   0.255495E-02   0.572000E+03
   0.269347E-02  -0.598416E-05   0.268749E-02   0.580000E+03
   0.281501E-02  -0.633306E-05   0.280868E-02   0.588000E+03
   0.291831E-02  -0.574274E-05   0.291257E-02   0.596000E+03
   0.302972E-02  -0.614222E-05   0.302358E-02   0.604000E+03
   0.314499E-02  -0.576768E-05   0.313923E-02   0.612000E+03
   0.325158E-02  -0.617789E-05   0.324541E-02   0.620000E+03
   0.333324E-02  -0.589178E-05   0.332735E-02   0.628000E+03
   0.340819E-02  -0.628306E-05   0.340191E-02   0.636000E+03
   0.348812E-02  -0.614938E-05   0.348197E-02   0.644000E+03
   0.357342E-02  -0.647393E-05   0.356694E-02   0.652000E+03
   0.367892E-02  -0.646014E-05   0.367246E-02   0.660000E+03
   0.378055E-02  -0.662842E-05   0.377392E-02   0.668000E+03
   0.387814E-02  -0.658640E-05   0.387155E-02   0.676000E+03
   0.395300E-02  -0.667257E-05   0.394632E-02   0.684000E+03
   0.402376E-02  -0.656103E-05   0.401720E-02   0.692000E+03
   0.409823E-02  -0.666190E-05   0.409157E-02   0.700000E+03
   0.419640E-02  -0.680528E-05   0.418960E-02   0.708000E+03
   0.432192E-02  -0.689426E-05   0.431503E-02   0.716000E+03
   0.446885E-02  -0.692855E-05   0.446192E-02   0.724000E+03
   0.462644E-02  -0.686019E-05   0.461958E-02   0.732000E+03
   0.478804E-02  -0.685945E-05   0.478118E-02   0.740000E+03
   0.493544E-02  -0.684243E-05   0.492859E-02   0.748000E+03
   0.507284E-02  -0.692111E-05   0.506592E-02   0.756000E+03
   0.518985E-02  -0.687027E-05   0.518298E-02   0.764000E+03
   0.530962E-02  -0.706293E-05   0.530255E-02   0.772000E+03
   0.544473E-02  -0.695181E-05   0.543778E-02   0.780000E+03
   0.558627E-02  -0.711698E-05   0.557915E-02   0.788000E+03
   0.569303E-02  -0.699730E-05   0.568603E-02   0.796000E+03
   0.577762E-02  -0.714858E-05   0.577047E-02   0.804000E+03
   0.585390E-02  -0.702353E-05   0.584687E-02   0.812000E+03
   0.593114E-02  -0.739393E-05   0.592375E-02   0.820000E+03
   0.599418E-02  -0.723648E-05   0.598694E-02   0.828000E+03
   0.604842E-02  -0.755024E-05   0.604087E-02   0.836000E+03
   0.610159E-02  -0.731395E-05   0.609428E-02   0.844000E+03
   0.613233E-02  -0.743591E-05   0.612489E-02   0.852000E+03
   0.612809E-02  -0.723660E-05   0.612085E-02   0.860000E+03
   0.608467E-02  -0.741423E-05   0.607726E-02   0.868000E+03
   0.600281E-02  -0.727846E-05   0.599553E-02   0.876000E+03
   0.589975E-02  -0.751915E-05   0.589223E-02   0.884000E+03
   0.576215E-02  -0.734819E-05   0.575480E-02   0.892000E+03
   0.560293E-02  -0.760107E-05   0.559533E-02   0.900000E+03
   0.545079E-02  -0.740396E-05   0.544338E-02   0.908000E+03
   0.530441E-02  -0.761853E-05   0.529679E-02   0.916000E+03
   0.515975E-02  -0.748181E-05   0.515227E-02   0.924000E+03
   0.497728E-02  -0.774916E-05   0.496953E-02   0.932000E+03
   0.477758E-02  -0.759869E-05   0.476999E-02   0.940000E+03
   0.457015E-02  -0.778243E-05   0.456236E-02   0.948000E+03
   0.434501E-02  -0.762649E-05   0.433738E-02   0.956000E+03
   0.407900E-02  -0.758977E-05   0.407141E-02   0.964000E+03
   0.378312E-02  -0.761515E-05   0.377551E-02   0.972000E+03
   0.341702E-02  -0.764908E-05   0.340937E-02   0.980000E+03
   0.296923E-02  -0.770326E-05   0.296153E-02   0.988000E+03
   0.239780E-02  -0.784348E-05   0.238995E-02   0.996000E+03
   0.172751E-02  -0.808797E-05   0.171942E-02   0.100400E+04
   0.100887E-02  -0.800376E-05   0.100087E-02   0.101200E+04
   0.246975E-03  -0.831735E-05   0.238657E-03   0.102000E+04
  -0.603013E-03  -0.803430E-05  -0.611048E-03   0.102800E+04
  -0.157063E-02  -0.837457E-05  -0.157901E-02   0.103600E+04
  -0.267229E-02  -0.773915E-05  -0.268003E-02   0.104400E+04
  -0.392264E-02  -0.813335E-05  -0.393077E-02   0.105200E+04
  -0.530407E-02  -0.760838E-05  -0.531168E-02   0.106000E+04
  -0.684499E-02  -0.815820E-05  -0.685315E-02   0.106800E+04
  -0.865663E-02  -0.785063E-05  -0.866448E-02   0.107600E+04
  -0.108093E-01  -0.858757E-05  -0.108179E-01   0.108400E+04
  -0.133253E-01  -0.819165E-05  -0.133335E-01   0.109200E+04
  -0.162681E-01  -0.869859E-05  -0.162768E-01   0.110000E+04
  -0.197480E-01  -0.648267E-05  -0.197545E-01   0.110800E+04
  -0.239139E-01  -0.665737E-05  -0.239205E-01   0.111600E+04
  -0.289996E-01  -0.405723E-05  -0.290036E-01   0.112400E+04
  -0.352384E-01  -0.415996E-05  -0.352426E-01   0.113200E+04
  -0.430595E-01   0.817770E-06  -0.430586E-01   0.114000E+04
  -0.530834E-01   0.237779E-06  -0.530831E-01   0.114800E+04
  -0.661107E-01   0.659394E-05  -0.661041E-01   0.115600E+04
  -0.829744E-01   0.583313E-05  -0.829686E-01   0.116400E+04
  -0.104832E+00   0.139390E-04  -0.104818E+00   0.117200E+04
  -0.132908E+00   0.124412E-04  -0.132895E+00   0.118000E+04
  -0.168633E+00   0.212719E-04  -0.168612E+00   0.118800E+04
  -0.213233E+00   0.191534E-04  -0.213214E+00   0.119600E+04
  -0.267726E+00   0.317909E-04  -0.267694E+00   0.120400E+04
  -0.333403E+00   0.288940E-04  -0.333374E+00   0.121200E+04
  -0.411381E+00   0.470459E-04  -0.411334E+00   0.122000E+04
  -0.501329E+00   0.396059E-04  -0.501289E+00   0.122800E+04
  -0.602401E+00   0.636431E-04  -0.602338E+00   0.123600E+04
  -0.711296E+00   0.499970E-04  -0.711246E+00   0.124400E+04
  -0.820941E+00   0.788025E-04  -0.820862E+00   0.125200E+04
  -0.922946E+00   0.572645E-04  -0.922889E+00   0.126000E+04
  -0.100865E+01   0.977267E-04  -0.100855E+01   0.126800E+04
  -0.106825E+01   0.677549E-04  -0.106818E+01   0.127600E+04
  -0.109406E+01   0.111459E-03  -0.109395E+01   0.128400E+04
  -0.108256E+01   0.717672E-04  -0.108249E+01   0.129200E+04
  -0.103146E+01   0.113736E-03  -0.103135E+01   0.130000E+04
  -0.943605E+00   0.646634E-04  -0.943540E+00   0.130800E+04
  -0.826176E+00   0.938112E-04  -0.826082E+00   0.131600E+04
  -0.686387E+00   0.446727E-04  -0.686342E+00   0.132400E+04
  -0.534898E+00   0.586698E-04  -0.534839E+00   0.133200E+04
  -0.384386E+00   0.216391E-04  -0.384364E+00   0.134000E+04
  -0.248879E+00   0.254956E-04  -0.248853E+00   0.134800E+04
  -0.140391E+00   0.613836E-05  -0.140385E+00   0.135600E+04
  -0.625461E-01   0.867828E-05  -0.625374E-01   0.136400E+04
  -0.128685E-01  -0.472380E-06  -0.128689E-01   0.137200E+04
   0.145257E-01   0.130503E-05   0.145270E-01   0.138000E+04
   0.263613E-01  -0.194637E-05   0.263593E-01   0.138800E+04
   0.292380E-01  -0.114616E-05   0.292369E-01   0.139600E+04
   0.282669E-01  -0.154147E-05   0.282654E-01   0.140400E+04
   0.263919E-01  -0.104038E-05   0.263909E-01   0.141200E+04
   0.247963E-01  -0.945917E-06   0.247954E-01   0.142000E+04
   0.235170E-01  -0.649004E-06   0.235164E-01   0.142800E+04
   0.224119E-01  -0.581166E-06   0.224113E-01   0.143600E+04
   0.213297E-01  -0.397144E-06   0.213293E-01   0.144400E+04
   0.202453E-01  -0.340200E-06   0.202449E-01   0.145200E+04
   0.191725E-01  -0.219352E-06   0.191723E-01   0.146000E+04
   0.181534E-01  -0.183961E-06   0.181532E-01   0.146800E+04
   0.171932E-01  -0.113189E-06   0.171931E-01   0.147600E+04
   0.163237E-01  -0.918698E-07   0.163237E-01   0.148400E+04
   0.155191E-01  -0.528529E-07   0.155191E-01   0.149200E+04
   0.147823E-01  -0.416372E-07   0.147822E-01   0.150000E+04
   0.140909E-01  -0.217798E-07   0.140909E-01   0.150800E+04
   0.134419E-01  -0.163997E-07   0.134419E-01   0.151600E+04
   0.128287E-01  -0.739028E-08   0.128287E-01   0.152400E+04
   0.122454E-01  -0.535755E-08   0.122454E-01   0.153200E+04
   0.116906E-01  -0.244272E-08   0.116906E-01   0.154000E+04
   0.111616E-01  -0.187332E-08   0.111616E-01   0.154800E+04
   0.106572E-01  -0.868857E-09   0.106572E-01   0.155600E+04
   0.101760E-01  -0.720982E-09   0.101760E-01   0.156400E+04
   0.971568E-02  -0.434815E-09   0.971568E-02   0.157200E+04
   0.927490E-02  -0.325198E-09   0.927490E-02   0.158000E+04
   0.885232E-02  -0.996043E-10   0.885232E-02   0.158800E+04
   0.844739E-02  -0.611126E-10   0.844739E-02   0.159600E+04
   0.805970E-02  -0.153025E-10   0.805970E-02   0.160400E+04
   0.768823E-02  -0.924093E-11   0.768823E-02   0.161200E+04
   0.733270E-02  -0.223456E-11   0.733270E-02   0.162000E+04
   0.699297E-02  -0.139730E-11   0.699297E-02   0.162800E+04
   0.666859E-02  -0.366450E-12   0.666859E-02   0.163600E+04
   0.635962E-02  -0.249833E-12   0.635962E-02   0.164400E+04
   0.606601E-02  -0.863466E-13   0.606601E-02   0.165200E+04
   0.578771E-02  -0.567941E-13   0.578771E-02   0.166000E+04
   0.552408E-02  -0.164092E-13   0.552408E-02   0.166800E+04
   0.527408E-02  -0.671291E-14   0.527408E-02   0.167600E+04
   0.503641E-02   0.551469E-14   0.503641E-02   0.168400E+04
   0.480956E-02   0.831467E-14   0.480956E-02   0.169200E+04
   0.459238E-02   0.108206E-13   0.459238E-02   0.170000E+04
   0.438395E-02   0.110852E-13   0.438395E-02   0.170800E+04
   0.418397E-02   0.110396E-13   0.418397E-02   0.171600E+04
   0.399207E-02   0.108880E-13   0.399207E-02   0.172400E+04
   0.380771E-02   0.107583E-13   0.380771E-02   0.173200E+04
   0.363026E-02   0.106570E-13   0.363026E-02   0.174000E+04
   0.345936E-02   0.103552E-13   0.345936E-02   0.174800E+04
   0.329463E-02   0.101886E-13   0.329463E-02   0.175600E+04
   0.313613E-02   0.961466E-14   0.313613E-02   0.176400E+04
   0.298384E-02   0.943361E-14   0.298384E-02   0.177200E+04
   0.283741E-02   0.897686E-14   0.283741E-02   0.178000E+04
   0.269637E-02   0.886081E-14   0.269637E-02   0.178800E+04
   0.255975E-02   0.849191E-14   0.255975E-02   0.179600E+04
   0.242787E-02   0.834804E-14   0.242787E-02   0.180400E+04
   0.229952E-02   0.788033E-14   0.229952E-02   0.181200E+04
   0.217599E-02   0.776261E-14   0.217599E-02   0.182000E+04
   0.205496E-02   0.804801E-14   0.205496E-02   0.182800E+04
   0.193953E-02   0.863109E-14   0.193953E-02   0.183600E+04
   0.182547E-02   0.115505E-13   0.182547E-02   0.184400E+04
   0.171803E-02   0.122236E-13   0.171803E-02   0.185200E+04
   0.160999E-02   0.164493E-13   0.160999E-02   0.186000E+04
   0.150977E-02   0.174639E-13   0.150977E-02   0.186800E+04
   0.140615E-02   0.201456E-13   0.140615E-02   0.187600E+04
   0.131260E-02   0.173368E-13   0.131260E-02   0.188400E+04
   0.121229E-02   0.175467E-13   0.121229E-02   0.189200E+04
   0.112578E-02   0.189715E-13   0.112578E-02   0.190000E+04
   0.102791E-02   0.457605E-13   0.102791E-02   0.190800E+04
   0.948277E-03   0.828672E-13   0.948277E-03   0.191600E+04
   0.854876E-03   0.244724E-12   0.854876E-03   0.192400E+04
   0.779865E-03   0.485497E-12   0.779865E-03   0.193200E+04
   0.693930E-03   0.111250E-11   0.693930E-03   0.194000E+04
   0.617836E-03   0.139582E-11   0.617836E-03   0.194800E+04
   0.542129E-03  -0.288862E-11   0.542129E-03   0.195600E+04
   0.459881E-03  -0.222870E-09   0.459880E-03   0.196400E+04
   0.395127E-03  -0.547271E-09   0.395126E-03   0.197200E+04
   0.306238E-03  -0.581563E-09   0.306237E-03   0.198000E+04
   0.253316E-03  -0.329255E-09   0.253316E-03   0.198800E+04
   0.161871E-03  -0.398227E-09   0.161871E-03   0.199600E+04
   0.118821E-03  -0.986977E-10   0.118821E-03   0.200400E+04
   0.330793E-04  -0.169866E-08   0.330776E-04   0.201200E+04
  -0.700594E-05  -0.749954E-08  -0.701344E-05   0.202000E+04
  -0.677470E-04  -0.541777E-08  -0.677524E-04   0.202800E+04
  -0.986375E-04   0.429491E-07  -0.985945E-04   0.203600E+04
  -0.121192E-03   0.171617E-07  -0.121174E-03   0.204400E+04
