#VWLE VWSB VWTOT zw
  -0.680364E-01  -0.157079E+00  -0.225121E+00   0.800000E+01
  -0.154370E+00  -0.632824E-01  -0.217655E+00   0.160000E+02
  -0.187618E+00  -0.231324E-01  -0.210751E+00   0.240000E+02
  -0.191807E+00  -0.123067E-01  -0.204114E+00   0.320000E+02
  -0.190006E+00  -0.763133E-02  -0.197637E+00   0.400000E+02
  -0.185723E+00  -0.551242E-02  -0.191236E+00   0.480000E+02
  -0.180785E+00  -0.410608E-02  -0.184891E+00   0.560000E+02
  -0.175301E+00  -0.330188E-02  -0.178602E+00   0.640000E+02
  -0.169661E+00  -0.271778E-02  -0.172379E+00   0.720000E+02
  -0.163865E+00  -0.234790E-02  -0.166213E+00   0.800000E+02
  -0.158056E+00  -0.208272E-02  -0.160139E+00   0.880000E+02
  -0.152280E+00  -0.188114E-02  -0.154161E+00   0.960000E+02
  -0.146553E+00  -0.170667E-02  -0.148260E+00   0.104000E+03
  -0.140938E+00  -0.151166E-02  -0.142449E+00   0.112000E+03
  -0.135414E+00  -0.136436E-02  -0.136778E+00   0.120000E+03
  -0.130028E+00  -0.125011E-02  -0.131278E+00   0.128000E+03
  -0.124774E+00  -0.116040E-02  -0.125934E+00   0.136000E+03
  -0.119660E+00  -0.107777E-02  -0.120737E+00   0.144000E+03
  -0.114674E+00  -0.101684E-02  -0.115691E+00   0.152000E+03
  -0.109836E+00  -0.945759E-03  -0.110781E+00   0.160000E+03
  -0.105118E+00  -0.881793E-03  -0.106000E+00   0.168000E+03
  -0.100532E+00  -0.811571E-03  -0.101343E+00   0.176000E+03
  -0.960427E-01  -0.759325E-03  -0.968020E-01   0.184000E+03
  -0.916676E-01  -0.693778E-03  -0.923611E-01   0.192000E+03
  -0.873695E-01  -0.655445E-03  -0.880248E-01   0.200000E+03
  -0.831784E-01  -0.627432E-03  -0.838057E-01   0.208000E+03
  -0.791026E-01  -0.606780E-03  -0.797091E-01   0.216000E+03
  -0.751614E-01  -0.574363E-03  -0.757356E-01   0.224000E+03
  -0.713272E-01  -0.529551E-03  -0.718565E-01   0.232000E+03
  -0.675590E-01  -0.484519E-03  -0.680436E-01   0.240000E+03
  -0.638426E-01  -0.449061E-03  -0.642917E-01   0.248000E+03
  -0.601879E-01  -0.405413E-03  -0.605933E-01   0.256000E+03
  -0.565608E-01  -0.368967E-03  -0.569300E-01   0.264000E+03
  -0.529715E-01  -0.316023E-03  -0.532874E-01   0.272000E+03
  -0.493883E-01  -0.277086E-03  -0.496651E-01   0.280000E+03
  -0.458541E-01  -0.228537E-03  -0.460826E-01   0.288000E+03
  -0.423562E-01  -0.191241E-03  -0.425474E-01   0.296000E+03
  -0.388945E-01  -0.159488E-03  -0.390539E-01   0.304000E+03
  -0.354753E-01  -0.138767E-03  -0.356140E-01   0.312000E+03
  -0.321168E-01  -0.117385E-03  -0.322342E-01   0.320000E+03
  -0.287948E-01  -0.968837E-04  -0.288917E-01   0.328000E+03
  -0.254817E-01  -0.878809E-04  -0.255696E-01   0.336000E+03
  -0.221989E-01  -0.663461E-04  -0.222651E-01   0.344000E+03
  -0.189381E-01  -0.437428E-04  -0.189817E-01   0.352000E+03
  -0.156890E-01  -0.278043E-04  -0.157167E-01   0.360000E+03
  -0.124495E-01  -0.187077E-04  -0.124682E-01   0.368000E+03
  -0.923382E-02  -0.432643E-05  -0.923810E-02   0.376000E+03
  -0.605300E-02   0.141279E-04  -0.603879E-02   0.384000E+03
  -0.290969E-02   0.255842E-04  -0.288407E-02   0.392000E+03
   0.190925E-03   0.358820E-04   0.226911E-03   0.400000E+03
   0.326458E-02   0.468737E-04   0.331146E-02   0.408000E+03
   0.631557E-02   0.493913E-04   0.636498E-02   0.416000E+03
   0.933027E-02   0.477318E-04   0.937811E-02   0.424000E+03
   0.122870E-01   0.513348E-04   0.123384E-01   0.432000E+03
   0.151869E-01   0.574230E-04   0.152444E-01   0.440000E+03
   0.180464E-01   0.607715E-04   0.181073E-01   0.448000E+03
   0.208530E-01   0.680144E-04   0.209211E-01   0.456000E+03
   0.235807E-01   0.875895E-04   0.236685E-01   0.464000E+03
   0.262603E-01   0.990303E-04   0.263593E-01   0.472000E+03
   0.288841E-01   0.111589E-03   0.289959E-01   0.480000E+03
   0.314495E-01   0.122374E-03   0.315719E-01   0.488000E+03
   0.339641E-01   0.122683E-03   0.340869E-01   0.496000E+03
   0.364165E-01   0.118201E-03   0.365348E-01   0.504000E+03
   0.387946E-01   0.116005E-03   0.389108E-01   0.512000E+03
   0.410900E-01   0.119986E-03   0.412102E-01   0.520000E+03
   0.433149E-01   0.123164E-03   0.434382E-01   0.528000E+03
   0.454758E-01   0.138145E-03   0.456139E-01   0.536000E+03
   0.475950E-01   0.158644E-03   0.477536E-01   0.544000E+03
   0.496840E-01   0.173340E-03   0.498573E-01   0.552000E+03
   0.517354E-01   0.172956E-03   0.519086E-01   0.560000E+03
   0.537314E-01   0.170306E-03   0.539018E-01   0.568000E+03
   0.556632E-01   0.178323E-03   0.558415E-01   0.576000E+03
   0.575366E-01   0.183644E-03   0.577202E-01   0.584000E+03
   0.593517E-01   0.184335E-03   0.595360E-01   0.592000E+03
   0.611205E-01   0.187830E-03   0.613085E-01   0.600000E+03
   0.628645E-01   0.194547E-03   0.630588E-01   0.608000E+03
   0.645717E-01   0.202099E-03   0.647738E-01   0.616000E+03
   0.662304E-01   0.208833E-03   0.664394E-01   0.624000E+03
   0.678445E-01   0.219285E-03   0.680638E-01   0.632000E+03
   0.694106E-01   0.232497E-03   0.696429E-01   0.640000E+03
   0.709203E-01   0.238711E-03   0.711591E-01   0.648000E+03
   0.723415E-01   0.249417E-03   0.725908E-01   0.656000E+03
   0.736565E-01   0.268073E-03   0.739245E-01   0.664000E+03
   0.748857E-01   0.277855E-03   0.751639E-01   0.672000E+03
   0.760324E-01   0.287232E-03   0.763193E-01   0.680000E+03
   0.771210E-01   0.291417E-03   0.774124E-01   0.688000E+03
   0.781517E-01   0.300990E-03   0.784528E-01   0.696000E+03
   0.791219E-01   0.309614E-03   0.794318E-01   0.704000E+03
   0.800172E-01   0.315947E-03   0.803332E-01   0.712000E+03
   0.808204E-01   0.324131E-03   0.811446E-01   0.720000E+03
   0.815291E-01   0.337143E-03   0.818664E-01   0.728000E+03
   0.821593E-01   0.344000E-03   0.825033E-01   0.736000E+03
   0.827134E-01   0.351322E-03   0.830649E-01   0.744000E+03
   0.831960E-01   0.358426E-03   0.835549E-01   0.752000E+03
   0.836157E-01   0.357432E-03   0.839737E-01   0.760000E+03
   0.839691E-01   0.354714E-03   0.843238E-01   0.768000E+03
   0.842367E-01   0.350930E-03   0.845876E-01   0.776000E+03
   0.843892E-01   0.354716E-03   0.847438E-01   0.784000E+03
   0.844351E-01   0.360441E-03   0.847956E-01   0.792000E+03
   0.844061E-01   0.358094E-03   0.847643E-01   0.800000E+03
   0.842926E-01   0.365549E-03   0.846582E-01   0.808000E+03
   0.841181E-01   0.366930E-03   0.844852E-01   0.816000E+03
   0.838787E-01   0.361058E-03   0.842398E-01   0.824000E+03
   0.835432E-01   0.366829E-03   0.839104E-01   0.832000E+03
   0.831175E-01   0.374026E-03   0.834918E-01   0.840000E+03
   0.826140E-01   0.372802E-03   0.829872E-01   0.848000E+03
   0.820258E-01   0.379551E-03   0.824054E-01   0.856000E+03
   0.813837E-01   0.384811E-03   0.817687E-01   0.864000E+03
   0.806994E-01   0.394737E-03   0.810942E-01   0.872000E+03
   0.799823E-01   0.399721E-03   0.803822E-01   0.880000E+03
   0.792213E-01   0.408882E-03   0.796303E-01   0.888000E+03
   0.784215E-01   0.414547E-03   0.788361E-01   0.896000E+03
   0.775636E-01   0.421915E-03   0.779850E-01   0.904000E+03
   0.766380E-01   0.439457E-03   0.770775E-01   0.912000E+03
   0.756513E-01   0.452962E-03   0.761046E-01   0.920000E+03
   0.746029E-01   0.453822E-03   0.750570E-01   0.928000E+03
   0.734652E-01   0.464069E-03   0.739295E-01   0.936000E+03
   0.722505E-01   0.478487E-03   0.727289E-01   0.944000E+03
   0.709791E-01   0.490571E-03   0.714697E-01   0.952000E+03
   0.696621E-01   0.499148E-03   0.701615E-01   0.960000E+03
   0.683047E-01   0.503401E-03   0.688082E-01   0.968000E+03
   0.669091E-01   0.508816E-03   0.674180E-01   0.976000E+03
   0.654825E-01   0.517409E-03   0.660000E-01   0.984000E+03
   0.640318E-01   0.530173E-03   0.645622E-01   0.992000E+03
   0.625826E-01   0.528401E-03   0.631110E-01   0.100000E+04
   0.611303E-01   0.524187E-03   0.616546E-01   0.100800E+04
   0.596728E-01   0.519397E-03   0.601923E-01   0.101600E+04
   0.582148E-01   0.514945E-03   0.587296E-01   0.102400E+04
   0.567604E-01   0.516169E-03   0.572766E-01   0.103200E+04
   0.553216E-01   0.516237E-03   0.558378E-01   0.104000E+04
   0.539119E-01   0.506213E-03   0.544181E-01   0.104800E+04
   0.525062E-01   0.509298E-03   0.530155E-01   0.105600E+04
   0.511144E-01   0.512097E-03   0.516265E-01   0.106400E+04
   0.497441E-01   0.516160E-03   0.502604E-01   0.107200E+04
   0.483983E-01   0.525517E-03   0.489237E-01   0.108000E+04
   0.471044E-01   0.531996E-03   0.476363E-01   0.108800E+04
   0.458779E-01   0.536125E-03   0.464140E-01   0.109600E+04
   0.447064E-01   0.547176E-03   0.452535E-01   0.110400E+04
   0.436024E-01   0.558418E-03   0.441605E-01   0.111200E+04
   0.425605E-01   0.574071E-03   0.431345E-01   0.112000E+04
   0.415701E-01   0.603492E-03   0.421736E-01   0.112800E+04
   0.406426E-01   0.637901E-03   0.412802E-01   0.113600E+04
   0.397727E-01   0.675756E-03   0.404483E-01   0.114400E+04
   0.389450E-01   0.720393E-03   0.396652E-01   0.115200E+04
   0.381367E-01   0.780902E-03   0.389174E-01   0.116000E+04
   0.373531E-01   0.847162E-03   0.381999E-01   0.116800E+04
   0.365789E-01   0.924657E-03   0.375035E-01   0.117600E+04
   0.357821E-01   0.102189E-02   0.368039E-01   0.118400E+04
   0.349689E-01   0.111905E-02   0.360878E-01   0.119200E+04
   0.341233E-01   0.121742E-02   0.353406E-01   0.120000E+04
   0.332062E-01   0.133907E-02   0.345451E-01   0.120800E+04
   0.322026E-01   0.146885E-02   0.336713E-01   0.121600E+04
   0.310760E-01   0.160449E-02   0.326803E-01   0.122400E+04
   0.298021E-01   0.174141E-02   0.315433E-01   0.123200E+04
   0.283764E-01   0.188344E-02   0.302596E-01   0.124000E+04
   0.268399E-01   0.200936E-02   0.288490E-01   0.124800E+04
   0.252422E-01   0.208681E-02   0.273288E-01   0.125600E+04
   0.235825E-01   0.214735E-02   0.257296E-01   0.126400E+04
   0.219194E-01   0.217741E-02   0.240967E-01   0.127200E+04
   0.203156E-01   0.217318E-02   0.224886E-01   0.128000E+04
   0.188255E-01   0.210648E-02   0.209318E-01   0.128800E+04
   0.174278E-01   0.202839E-02   0.194560E-01   0.129600E+04
   0.161995E-01   0.188914E-02   0.180885E-01   0.130400E+04
   0.151020E-01   0.170209E-02   0.168040E-01   0.131200E+04
   0.141209E-01   0.147264E-02   0.155935E-01   0.132000E+04
   0.132472E-01   0.121342E-02   0.144606E-01   0.132800E+04
   0.124787E-01   0.960607E-03   0.134392E-01   0.133600E+04
   0.118451E-01   0.731136E-03   0.125762E-01   0.134400E+04
   0.113911E-01   0.522736E-03   0.119138E-01   0.135200E+04
   0.110588E-01   0.363746E-03   0.114225E-01   0.136000E+04
   0.108093E-01   0.236947E-03   0.110463E-01   0.136800E+04
   0.106146E-01   0.143176E-03   0.107578E-01   0.137600E+04
   0.104560E-01   0.763832E-04   0.105324E-01   0.138400E+04
   0.103306E-01   0.362269E-04   0.103669E-01   0.139200E+04
   0.102473E-01   0.116496E-04   0.102589E-01   0.140000E+04
   0.101832E-01   0.315155E-07   0.101832E-01   0.140800E+04
   0.101413E-01  -0.579790E-05   0.101355E-01   0.141600E+04
   0.101201E-01  -0.786603E-05   0.101122E-01   0.142400E+04
   0.101056E-01  -0.847736E-05   0.100971E-01   0.143200E+04
   0.100949E-01  -0.727207E-05   0.100876E-01   0.144000E+04
   0.100910E-01  -0.592410E-05   0.100851E-01   0.144800E+04
   0.100892E-01  -0.454781E-05   0.100847E-01   0.145600E+04
   0.100882E-01  -0.351335E-05   0.100847E-01   0.146400E+04
   0.100890E-01  -0.270087E-05   0.100863E-01   0.147200E+04
   0.100915E-01  -0.211594E-05   0.100893E-01   0.148000E+04
   0.100935E-01  -0.164351E-05   0.100919E-01   0.148800E+04
   0.100965E-01  -0.127772E-05   0.100952E-01   0.149600E+04
   0.100990E-01  -0.961564E-06   0.100980E-01   0.150400E+04
   0.101006E-01  -0.698088E-06   0.100999E-01   0.151200E+04
   0.101009E-01  -0.482694E-06   0.101004E-01   0.152000E+04
   0.101009E-01  -0.320481E-06   0.101006E-01   0.152800E+04
   0.101007E-01  -0.205451E-06   0.101005E-01   0.153600E+04
   0.100997E-01  -0.126147E-06   0.100996E-01   0.154400E+04
   0.100975E-01  -0.747656E-07   0.100975E-01   0.155200E+04
   0.100945E-01  -0.429823E-07   0.100945E-01   0.156000E+04
   0.100913E-01  -0.240403E-07   0.100913E-01   0.156800E+04
   0.100881E-01  -0.131328E-07   0.100881E-01   0.157600E+04
   0.100851E-01  -0.702570E-08   0.100851E-01   0.158400E+04
   0.100826E-01  -0.372574E-08   0.100826E-01   0.159200E+04
   0.100805E-01  -0.199808E-08   0.100805E-01   0.160000E+04
   0.100788E-01  -0.109843E-08   0.100788E-01   0.160800E+04
   0.100778E-01  -0.618581E-09   0.100778E-01   0.161600E+04
   0.100773E-01  -0.355475E-09   0.100773E-01   0.162400E+04
   0.100772E-01  -0.207986E-09   0.100772E-01   0.163200E+04
   0.100775E-01  -0.122775E-09   0.100775E-01   0.164000E+04
   0.100777E-01  -0.722460E-10   0.100777E-01   0.164800E+04
   0.100780E-01  -0.420764E-10   0.100780E-01   0.165600E+04
   0.100781E-01  -0.242066E-10   0.100781E-01   0.166400E+04
   0.100780E-01  -0.137665E-10   0.100780E-01   0.167200E+04
   0.100775E-01  -0.773659E-11   0.100775E-01   0.168000E+04
   0.100764E-01  -0.426635E-11   0.100764E-01   0.168800E+04
   0.100751E-01  -0.227123E-11   0.100751E-01   0.169600E+04
   0.100735E-01  -0.114523E-11   0.100735E-01   0.170400E+04
   0.100721E-01  -0.529063E-12   0.100721E-01   0.171200E+04
   0.100713E-01  -0.205918E-12   0.100713E-01   0.172000E+04
   0.100711E-01  -0.439581E-13   0.100711E-01   0.172800E+04
   0.100719E-01   0.277679E-13   0.100719E-01   0.173600E+04
   0.100737E-01   0.553333E-13   0.100737E-01   0.174400E+04
   0.100764E-01   0.592955E-13   0.100764E-01   0.175200E+04
   0.100801E-01   0.593904E-13   0.100801E-01   0.176000E+04
   0.100851E-01   0.534924E-13   0.100851E-01   0.176800E+04
   0.100912E-01   0.529443E-13   0.100912E-01   0.177600E+04
   0.100988E-01   0.462380E-13   0.100988E-01   0.178400E+04
   0.101082E-01   0.373459E-13   0.101082E-01   0.179200E+04
   0.101193E-01   0.288429E-13   0.101193E-01   0.180000E+04
   0.101322E-01   0.196017E-13   0.101322E-01   0.180800E+04
   0.101462E-01   0.316800E-13   0.101462E-01   0.181600E+04
   0.101611E-01   0.245345E-13   0.101611E-01   0.182400E+04
   0.101761E-01   0.692785E-13   0.101761E-01   0.183200E+04
   0.101910E-01   0.569938E-13   0.101910E-01   0.184000E+04
   0.102052E-01   0.152324E-12   0.102052E-01   0.184800E+04
   0.102185E-01   0.132446E-12   0.102185E-01   0.185600E+04
   0.102307E-01   0.323484E-12   0.102307E-01   0.186400E+04
   0.102417E-01   0.321713E-12   0.102417E-01   0.187200E+04
   0.102512E-01   0.728769E-12   0.102512E-01   0.188000E+04
   0.102597E-01   0.747872E-12   0.102597E-01   0.188800E+04
   0.102665E-01   0.161464E-11   0.102665E-01   0.189600E+04
   0.102731E-01   0.167189E-11   0.102731E-01   0.190400E+04
   0.102780E-01   0.363563E-11   0.102780E-01   0.191200E+04
   0.102833E-01   0.391873E-11   0.102833E-01   0.192000E+04
   0.102877E-01   0.875608E-11   0.102877E-01   0.192800E+04
   0.102926E-01   0.956723E-11   0.102926E-01   0.193600E+04
   0.102972E-01   0.209146E-10   0.102972E-01   0.194400E+04
   0.103017E-01   0.198321E-10   0.103017E-01   0.195200E+04
   0.103067E-01   0.437529E-10   0.103067E-01   0.196000E+04
   0.103107E-01  -0.119609E-09   0.103107E-01   0.196800E+04
   0.103158E-01  -0.229774E-10   0.103158E-01   0.197600E+04
   0.103189E-01  -0.587354E-10   0.103189E-01   0.198400E+04
   0.103240E-01   0.446548E-10   0.103240E-01   0.199200E+04
   0.103265E-01   0.380747E-09   0.103265E-01   0.200000E+04
   0.103323E-01   0.245070E-08   0.103323E-01   0.200800E+04
   0.103350E-01   0.305458E-08   0.103350E-01   0.201600E+04
   0.103423E-01  -0.127587E-07   0.103423E-01   0.202400E+04
   0.103462E-01  -0.425131E-07   0.103461E-01   0.203200E+04
   0.103530E-01  -0.187105E-06   0.103528E-01   0.204000E+04
   0.103642E-01  -0.215036E-28   0.103642E-01   0.204800E+04
