#WCUBE zw
   0.140029E-01   0.800000E+01
   0.247616E-01   0.160000E+02
   0.354072E-01   0.240000E+02
   0.698980E-01   0.320000E+02
   0.129950E+00   0.400000E+02
   0.196356E+00   0.480000E+02
   0.258189E+00   0.560000E+02
   0.312043E+00   0.640000E+02
   0.358166E+00   0.720000E+02
   0.397802E+00   0.800000E+02
   0.431776E+00   0.880000E+02
   0.461284E+00   0.960000E+02
   0.486975E+00   0.104000E+03
   0.509934E+00   0.112000E+03
   0.530781E+00   0.120000E+03
   0.549821E+00   0.128000E+03
   0.567144E+00   0.136000E+03
   0.583266E+00   0.144000E+03
   0.598706E+00   0.152000E+03
   0.613797E+00   0.160000E+03
   0.628696E+00   0.168000E+03
   0.643525E+00   0.176000E+03
   0.658048E+00   0.184000E+03
   0.672479E+00   0.192000E+03
   0.686852E+00   0.200000E+03
   0.701385E+00   0.208000E+03
   0.715868E+00   0.216000E+03
   0.730301E+00   0.224000E+03
   0.744584E+00   0.232000E+03
   0.758917E+00   0.240000E+03
   0.773117E+00   0.248000E+03
   0.787342E+00   0.256000E+03
   0.801415E+00   0.264000E+03
   0.815334E+00   0.272000E+03
   0.829078E+00   0.280000E+03
   0.842824E+00   0.288000E+03
   0.856439E+00   0.296000E+03
   0.869798E+00   0.304000E+03
   0.882907E+00   0.312000E+03
   0.895778E+00   0.320000E+03
   0.908354E+00   0.328000E+03
   0.920435E+00   0.336000E+03
   0.932122E+00   0.344000E+03
   0.943462E+00   0.352000E+03
   0.954559E+00   0.360000E+03
   0.965496E+00   0.368000E+03
   0.976282E+00   0.376000E+03
   0.986838E+00   0.384000E+03
   0.997078E+00   0.392000E+03
   0.100690E+01   0.400000E+03
   0.101629E+01   0.408000E+03
   0.102521E+01   0.416000E+03
   0.103383E+01   0.424000E+03
   0.104206E+01   0.432000E+03
   0.104997E+01   0.440000E+03
   0.105741E+01   0.448000E+03
   0.106448E+01   0.456000E+03
   0.107117E+01   0.464000E+03
   0.107739E+01   0.472000E+03
   0.108297E+01   0.480000E+03
   0.108798E+01   0.488000E+03
   0.109235E+01   0.496000E+03
   0.109623E+01   0.504000E+03
   0.109974E+01   0.512000E+03
   0.110291E+01   0.520000E+03
   0.110579E+01   0.528000E+03
   0.110834E+01   0.536000E+03
   0.111050E+01   0.544000E+03
   0.111213E+01   0.552000E+03
   0.111317E+01   0.560000E+03
   0.111356E+01   0.568000E+03
   0.111328E+01   0.576000E+03
   0.111232E+01   0.584000E+03
   0.111071E+01   0.592000E+03
   0.110854E+01   0.600000E+03
   0.110584E+01   0.608000E+03
   0.110262E+01   0.616000E+03
   0.109895E+01   0.624000E+03
   0.109487E+01   0.632000E+03
   0.109035E+01   0.640000E+03
   0.108530E+01   0.648000E+03
   0.107980E+01   0.656000E+03
   0.107381E+01   0.664000E+03
   0.106736E+01   0.672000E+03
   0.106038E+01   0.680000E+03
   0.105276E+01   0.688000E+03
   0.104461E+01   0.696000E+03
   0.103584E+01   0.704000E+03
   0.102644E+01   0.712000E+03
   0.101642E+01   0.720000E+03
   0.100578E+01   0.728000E+03
   0.994486E+00   0.736000E+03
   0.982522E+00   0.744000E+03
   0.969896E+00   0.752000E+03
   0.956713E+00   0.760000E+03
   0.942895E+00   0.768000E+03
   0.928453E+00   0.776000E+03
   0.913363E+00   0.784000E+03
   0.897715E+00   0.792000E+03
   0.881552E+00   0.800000E+03
   0.864878E+00   0.808000E+03
   0.847746E+00   0.816000E+03
   0.830089E+00   0.824000E+03
   0.811915E+00   0.832000E+03
   0.793271E+00   0.840000E+03
   0.774248E+00   0.848000E+03
   0.755019E+00   0.856000E+03
   0.735729E+00   0.864000E+03
   0.716425E+00   0.872000E+03
   0.697150E+00   0.880000E+03
   0.677880E+00   0.888000E+03
   0.658636E+00   0.896000E+03
   0.639397E+00   0.904000E+03
   0.620176E+00   0.912000E+03
   0.601029E+00   0.920000E+03
   0.582008E+00   0.928000E+03
   0.563211E+00   0.936000E+03
   0.544695E+00   0.944000E+03
   0.526395E+00   0.952000E+03
   0.508219E+00   0.960000E+03
   0.490145E+00   0.968000E+03
   0.472206E+00   0.976000E+03
   0.454378E+00   0.984000E+03
   0.436705E+00   0.992000E+03
   0.419225E+00   0.100000E+04
   0.402031E+00   0.100800E+04
   0.385007E+00   0.101600E+04
   0.368146E+00   0.102400E+04
   0.351403E+00   0.103200E+04
   0.334774E+00   0.104000E+04
   0.318166E+00   0.104800E+04
   0.301618E+00   0.105600E+04
   0.285159E+00   0.106400E+04
   0.268810E+00   0.107200E+04
   0.252611E+00   0.108000E+04
   0.236631E+00   0.108800E+04
   0.220876E+00   0.109600E+04
   0.205384E+00   0.110400E+04
   0.190173E+00   0.111200E+04
   0.175338E+00   0.112000E+04
   0.160864E+00   0.112800E+04
   0.146814E+00   0.113600E+04
   0.133191E+00   0.114400E+04
   0.120106E+00   0.115200E+04
   0.107567E+00   0.116000E+04
   0.955935E-01   0.116800E+04
   0.842713E-01   0.117600E+04
   0.736060E-01   0.118400E+04
   0.635930E-01   0.119200E+04
   0.541906E-01   0.120000E+04
   0.453172E-01   0.120800E+04
   0.370965E-01   0.121600E+04
   0.295942E-01   0.122400E+04
   0.228053E-01   0.123200E+04
   0.167370E-01   0.124000E+04
   0.115259E-01   0.124800E+04
   0.712391E-02   0.125600E+04
   0.340762E-02   0.126400E+04
   0.388941E-03   0.127200E+04
  -0.197115E-02   0.128000E+04
  -0.374353E-02   0.128800E+04
  -0.507017E-02   0.129600E+04
  -0.602977E-02   0.130400E+04
  -0.659989E-02   0.131200E+04
  -0.668647E-02   0.132000E+04
  -0.620501E-02   0.132800E+04
  -0.519059E-02   0.133600E+04
  -0.384650E-02   0.134400E+04
  -0.233622E-02   0.135200E+04
  -0.838432E-03   0.136000E+04
   0.497459E-03   0.136800E+04
   0.158509E-02   0.137600E+04
   0.246115E-02   0.138400E+04
   0.312250E-02   0.139200E+04
   0.358105E-02   0.140000E+04
   0.384283E-02   0.140800E+04
   0.394634E-02   0.141600E+04
   0.393323E-02   0.142400E+04
   0.385073E-02   0.143200E+04
   0.372642E-02   0.144000E+04
   0.357828E-02   0.144800E+04
   0.341864E-02   0.145600E+04
   0.325310E-02   0.146400E+04
   0.308771E-02   0.147200E+04
   0.292542E-02   0.148000E+04
   0.277001E-02   0.148800E+04
   0.262270E-02   0.149600E+04
   0.248572E-02   0.150400E+04
   0.236008E-02   0.151200E+04
   0.224598E-02   0.152000E+04
   0.214304E-02   0.152800E+04
   0.205054E-02   0.153600E+04
   0.196767E-02   0.154400E+04
   0.189353E-02   0.155200E+04
   0.182707E-02   0.156000E+04
   0.176717E-02   0.156800E+04
   0.171264E-02   0.157600E+04
   0.166235E-02   0.158400E+04
   0.161521E-02   0.159200E+04
   0.157016E-02   0.160000E+04
   0.152622E-02   0.160800E+04
   0.148244E-02   0.161600E+04
   0.143798E-02   0.162400E+04
   0.139215E-02   0.163200E+04
   0.134442E-02   0.164000E+04
   0.129441E-02   0.164800E+04
   0.124196E-02   0.165600E+04
   0.118709E-02   0.166400E+04
   0.113007E-02   0.167200E+04
   0.107127E-02   0.168000E+04
   0.101117E-02   0.168800E+04
   0.950248E-03   0.169600E+04
   0.888977E-03   0.170400E+04
   0.827716E-03   0.171200E+04
   0.766743E-03   0.172000E+04
   0.706246E-03   0.172800E+04
   0.646356E-03   0.173600E+04
   0.587209E-03   0.174400E+04
   0.528951E-03   0.175200E+04
   0.471766E-03   0.176000E+04
   0.415854E-03   0.176800E+04
   0.361435E-03   0.177600E+04
   0.308687E-03   0.178400E+04
   0.257736E-03   0.179200E+04
   0.208636E-03   0.180000E+04
   0.161396E-03   0.180800E+04
   0.115976E-03   0.181600E+04
   0.722835E-04   0.182400E+04
   0.301656E-04   0.183200E+04
  -0.105008E-04   0.184000E+04
  -0.498762E-04   0.184800E+04
  -0.880728E-04   0.185600E+04
  -0.125265E-03   0.186400E+04
  -0.161421E-03   0.187200E+04
  -0.196573E-03   0.188000E+04
  -0.230765E-03   0.188800E+04
  -0.264178E-03   0.189600E+04
  -0.296928E-03   0.190400E+04
  -0.328982E-03   0.191200E+04
  -0.360313E-03   0.192000E+04
  -0.390661E-03   0.192800E+04
  -0.420144E-03   0.193600E+04
  -0.448862E-03   0.194400E+04
  -0.477147E-03   0.195200E+04
  -0.505215E-03   0.196000E+04
  -0.533136E-03   0.196800E+04
  -0.561140E-03   0.197600E+04
  -0.589598E-03   0.198400E+04
  -0.618545E-03   0.199200E+04
  -0.648022E-03   0.200000E+04
  -0.677109E-03   0.200800E+04
  -0.705471E-03   0.201600E+04
  -0.732100E-03   0.202400E+04
  -0.761749E-03   0.203200E+04
  -0.796286E-03   0.204000E+04
  -0.937269E-03   0.204800E+04
