#WKURTNORM  zw
   0.663295E+01   0.800000E+01
   0.459873E+01   0.160000E+02
   0.405149E+01   0.240000E+02
   0.374568E+01   0.320000E+02
   0.361422E+01   0.400000E+02
   0.357192E+01   0.480000E+02
   0.356747E+01   0.560000E+02
   0.357657E+01   0.640000E+02
   0.358887E+01   0.720000E+02
   0.360219E+01   0.800000E+02
   0.361541E+01   0.880000E+02
   0.362933E+01   0.960000E+02
   0.363979E+01   0.104000E+03
   0.364540E+01   0.112000E+03
   0.364821E+01   0.120000E+03
   0.364962E+01   0.128000E+03
   0.364946E+01   0.136000E+03
   0.364736E+01   0.144000E+03
   0.364379E+01   0.152000E+03
   0.364082E+01   0.160000E+03
   0.363883E+01   0.168000E+03
   0.363651E+01   0.176000E+03
   0.363383E+01   0.184000E+03
   0.363218E+01   0.192000E+03
   0.363094E+01   0.200000E+03
   0.362967E+01   0.208000E+03
   0.362913E+01   0.216000E+03
   0.362923E+01   0.224000E+03
   0.362901E+01   0.232000E+03
   0.362929E+01   0.240000E+03
   0.363019E+01   0.248000E+03
   0.363150E+01   0.256000E+03
   0.363331E+01   0.264000E+03
   0.363589E+01   0.272000E+03
   0.363759E+01   0.280000E+03
   0.363838E+01   0.288000E+03
   0.363898E+01   0.296000E+03
   0.363985E+01   0.304000E+03
   0.364183E+01   0.312000E+03
   0.364500E+01   0.320000E+03
   0.364891E+01   0.328000E+03
   0.365328E+01   0.336000E+03
   0.365731E+01   0.344000E+03
   0.366138E+01   0.352000E+03
   0.366555E+01   0.360000E+03
   0.366972E+01   0.368000E+03
   0.367349E+01   0.376000E+03
   0.367725E+01   0.384000E+03
   0.368179E+01   0.392000E+03
   0.368726E+01   0.400000E+03
   0.369321E+01   0.408000E+03
   0.369959E+01   0.416000E+03
   0.370569E+01   0.424000E+03
   0.371156E+01   0.432000E+03
   0.371796E+01   0.440000E+03
   0.372441E+01   0.448000E+03
   0.373041E+01   0.456000E+03
   0.373574E+01   0.464000E+03
   0.374025E+01   0.472000E+03
   0.374427E+01   0.480000E+03
   0.374821E+01   0.488000E+03
   0.375205E+01   0.496000E+03
   0.375567E+01   0.504000E+03
   0.375912E+01   0.512000E+03
   0.376311E+01   0.520000E+03
   0.376791E+01   0.528000E+03
   0.377339E+01   0.536000E+03
   0.377956E+01   0.544000E+03
   0.378684E+01   0.552000E+03
   0.379475E+01   0.560000E+03
   0.380423E+01   0.568000E+03
   0.381544E+01   0.576000E+03
   0.382744E+01   0.584000E+03
   0.384036E+01   0.592000E+03
   0.385364E+01   0.600000E+03
   0.386719E+01   0.608000E+03
   0.388131E+01   0.616000E+03
   0.389607E+01   0.624000E+03
   0.391165E+01   0.632000E+03
   0.392845E+01   0.640000E+03
   0.394624E+01   0.648000E+03
   0.396444E+01   0.656000E+03
   0.398253E+01   0.664000E+03
   0.400034E+01   0.672000E+03
   0.401779E+01   0.680000E+03
   0.403464E+01   0.688000E+03
   0.405091E+01   0.696000E+03
   0.406675E+01   0.704000E+03
   0.408268E+01   0.712000E+03
   0.409908E+01   0.720000E+03
   0.411589E+01   0.728000E+03
   0.413335E+01   0.736000E+03
   0.415162E+01   0.744000E+03
   0.416942E+01   0.752000E+03
   0.418614E+01   0.760000E+03
   0.420161E+01   0.768000E+03
   0.421542E+01   0.776000E+03
   0.422703E+01   0.784000E+03
   0.423709E+01   0.792000E+03
   0.424739E+01   0.800000E+03
   0.425911E+01   0.808000E+03
   0.427188E+01   0.816000E+03
   0.428577E+01   0.824000E+03
   0.430097E+01   0.832000E+03
   0.431836E+01   0.840000E+03
   0.433709E+01   0.848000E+03
   0.435593E+01   0.856000E+03
   0.437361E+01   0.864000E+03
   0.438974E+01   0.872000E+03
   0.440506E+01   0.880000E+03
   0.442165E+01   0.888000E+03
   0.444070E+01   0.896000E+03
   0.446210E+01   0.904000E+03
   0.448477E+01   0.912000E+03
   0.450777E+01   0.920000E+03
   0.453058E+01   0.928000E+03
   0.455409E+01   0.936000E+03
   0.457886E+01   0.944000E+03
   0.460472E+01   0.952000E+03
   0.463218E+01   0.960000E+03
   0.466166E+01   0.968000E+03
   0.469215E+01   0.976000E+03
   0.472306E+01   0.984000E+03
   0.475489E+01   0.992000E+03
   0.478807E+01   0.100000E+04
   0.482244E+01   0.100800E+04
   0.485682E+01   0.101600E+04
   0.488985E+01   0.102400E+04
   0.492093E+01   0.103200E+04
   0.494969E+01   0.104000E+04
   0.497660E+01   0.104800E+04
   0.500081E+01   0.105600E+04
   0.502187E+01   0.106400E+04
   0.503984E+01   0.107200E+04
   0.505591E+01   0.108000E+04
   0.507149E+01   0.108800E+04
   0.508781E+01   0.109600E+04
   0.510435E+01   0.110400E+04
   0.511721E+01   0.111200E+04
   0.512468E+01   0.112000E+04
   0.512559E+01   0.112800E+04
   0.511727E+01   0.113600E+04
   0.509855E+01   0.114400E+04
   0.506855E+01   0.115200E+04
   0.502429E+01   0.116000E+04
   0.496378E+01   0.116800E+04
   0.488483E+01   0.117600E+04
   0.478835E+01   0.118400E+04
   0.467147E+01   0.119200E+04
   0.453874E+01   0.120000E+04
   0.439533E+01   0.120800E+04
   0.424693E+01   0.121600E+04
   0.409430E+01   0.122400E+04
   0.394476E+01   0.123200E+04
   0.380066E+01   0.124000E+04
   0.366450E+01   0.124800E+04
   0.354027E+01   0.125600E+04
   0.342845E+01   0.126400E+04
   0.332797E+01   0.127200E+04
   0.324129E+01   0.128000E+04
   0.316544E+01   0.128800E+04
   0.309801E+01   0.129600E+04
   0.303782E+01   0.130400E+04
   0.298331E+01   0.131200E+04
   0.293328E+01   0.132000E+04
   0.288773E+01   0.132800E+04
   0.284755E+01   0.133600E+04
   0.281237E+01   0.134400E+04
   0.278025E+01   0.135200E+04
   0.275108E+01   0.136000E+04
   0.272369E+01   0.136800E+04
   0.269610E+01   0.137600E+04
   0.266719E+01   0.138400E+04
   0.263700E+01   0.139200E+04
   0.260694E+01   0.140000E+04
   0.257891E+01   0.140800E+04
   0.255363E+01   0.141600E+04
   0.253156E+01   0.142400E+04
   0.251257E+01   0.143200E+04
   0.249662E+01   0.144000E+04
   0.248333E+01   0.144800E+04
   0.247228E+01   0.145600E+04
   0.246310E+01   0.146400E+04
   0.245544E+01   0.147200E+04
   0.244902E+01   0.148000E+04
   0.244368E+01   0.148800E+04
   0.243929E+01   0.149600E+04
   0.243573E+01   0.150400E+04
   0.243292E+01   0.151200E+04
   0.243078E+01   0.152000E+04
   0.242923E+01   0.152800E+04
   0.242825E+01   0.153600E+04
   0.242776E+01   0.154400E+04
   0.242773E+01   0.155200E+04
   0.242812E+01   0.156000E+04
   0.242887E+01   0.156800E+04
   0.242993E+01   0.157600E+04
   0.243124E+01   0.158400E+04
   0.243275E+01   0.159200E+04
   0.243439E+01   0.160000E+04
   0.243610E+01   0.160800E+04
   0.243784E+01   0.161600E+04
   0.243957E+01   0.162400E+04
   0.244129E+01   0.163200E+04
   0.244300E+01   0.164000E+04
   0.244474E+01   0.164800E+04
   0.244655E+01   0.165600E+04
   0.244844E+01   0.166400E+04
   0.245051E+01   0.167200E+04
   0.245275E+01   0.168000E+04
   0.245517E+01   0.168800E+04
   0.245783E+01   0.169600E+04
   0.246069E+01   0.170400E+04
   0.246376E+01   0.171200E+04
   0.246708E+01   0.172000E+04
   0.247055E+01   0.172800E+04
   0.247417E+01   0.173600E+04
   0.247797E+01   0.174400E+04
   0.248188E+01   0.175200E+04
   0.248586E+01   0.176000E+04
   0.248988E+01   0.176800E+04
   0.249388E+01   0.177600E+04
   0.249780E+01   0.178400E+04
   0.250162E+01   0.179200E+04
   0.250528E+01   0.180000E+04
   0.250876E+01   0.180800E+04
   0.251198E+01   0.181600E+04
   0.251493E+01   0.182400E+04
   0.251757E+01   0.183200E+04
   0.251989E+01   0.184000E+04
   0.252197E+01   0.184800E+04
   0.252378E+01   0.185600E+04
   0.252536E+01   0.186400E+04
   0.252678E+01   0.187200E+04
   0.252812E+01   0.188000E+04
   0.252947E+01   0.188800E+04
   0.253098E+01   0.189600E+04
   0.253263E+01   0.190400E+04
   0.253445E+01   0.191200E+04
   0.253638E+01   0.192000E+04
   0.253837E+01   0.192800E+04
   0.254044E+01   0.193600E+04
   0.254259E+01   0.194400E+04
   0.254487E+01   0.195200E+04
   0.254745E+01   0.196000E+04
   0.255055E+01   0.196800E+04
   0.255418E+01   0.197600E+04
   0.255847E+01   0.198400E+04
   0.256296E+01   0.199200E+04
   0.256782E+01   0.200000E+04
   0.257178E+01   0.200800E+04
   0.257456E+01   0.201600E+04
   0.257750E+01   0.202400E+04
   0.258411E+01   0.203200E+04
   0.260564E+01   0.204000E+04
   0.266234E+01   0.204800E+04
