#WSKEW zw
   0.651884E+00   0.800000E+01
   0.217074E+00   0.160000E+02
   0.143497E+00   0.240000E+02
   0.182838E+00   0.320000E+02
   0.260905E+00   0.400000E+02
   0.333477E+00   0.480000E+02
   0.393096E+00   0.560000E+02
   0.441340E+00   0.640000E+02
   0.480645E+00   0.720000E+02
   0.512942E+00   0.800000E+02
   0.539610E+00   0.880000E+02
   0.562438E+00   0.960000E+02
   0.581528E+00   0.104000E+03
   0.597545E+00   0.112000E+03
   0.611444E+00   0.120000E+03
   0.623565E+00   0.128000E+03
   0.633824E+00   0.136000E+03
   0.642501E+00   0.144000E+03
   0.650164E+00   0.152000E+03
   0.657362E+00   0.160000E+03
   0.664238E+00   0.168000E+03
   0.670755E+00   0.176000E+03
   0.676786E+00   0.184000E+03
   0.682777E+00   0.192000E+03
   0.688688E+00   0.200000E+03
   0.694729E+00   0.208000E+03
   0.700871E+00   0.216000E+03
   0.707183E+00   0.224000E+03
   0.713440E+00   0.232000E+03
   0.719875E+00   0.240000E+03
   0.726196E+00   0.248000E+03
   0.732414E+00   0.256000E+03
   0.738356E+00   0.264000E+03
   0.744105E+00   0.272000E+03
   0.749599E+00   0.280000E+03
   0.754876E+00   0.288000E+03
   0.759960E+00   0.296000E+03
   0.764838E+00   0.304000E+03
   0.769649E+00   0.312000E+03
   0.774468E+00   0.320000E+03
   0.779248E+00   0.328000E+03
   0.783857E+00   0.336000E+03
   0.788276E+00   0.344000E+03
   0.792573E+00   0.352000E+03
   0.796759E+00   0.360000E+03
   0.800868E+00   0.368000E+03
   0.804889E+00   0.376000E+03
   0.808846E+00   0.384000E+03
   0.812826E+00   0.392000E+03
   0.816772E+00   0.400000E+03
   0.820641E+00   0.408000E+03
   0.824463E+00   0.416000E+03
   0.828229E+00   0.424000E+03
   0.831885E+00   0.432000E+03
   0.835587E+00   0.440000E+03
   0.839204E+00   0.448000E+03
   0.842714E+00   0.456000E+03
   0.846036E+00   0.464000E+03
   0.849067E+00   0.472000E+03
   0.851758E+00   0.480000E+03
   0.854169E+00   0.488000E+03
   0.856290E+00   0.496000E+03
   0.858285E+00   0.504000E+03
   0.860312E+00   0.512000E+03
   0.862521E+00   0.520000E+03
   0.864934E+00   0.528000E+03
   0.867505E+00   0.536000E+03
   0.870214E+00   0.544000E+03
   0.873069E+00   0.552000E+03
   0.875941E+00   0.560000E+03
   0.879003E+00   0.568000E+03
   0.882284E+00   0.576000E+03
   0.885606E+00   0.584000E+03
   0.889025E+00   0.592000E+03
   0.892492E+00   0.600000E+03
   0.896034E+00   0.608000E+03
   0.899723E+00   0.616000E+03
   0.903540E+00   0.624000E+03
   0.907491E+00   0.632000E+03
   0.911632E+00   0.640000E+03
   0.915873E+00   0.648000E+03
   0.920115E+00   0.656000E+03
   0.924223E+00   0.664000E+03
   0.928183E+00   0.672000E+03
   0.931945E+00   0.680000E+03
   0.935341E+00   0.688000E+03
   0.938420E+00   0.696000E+03
   0.941166E+00   0.704000E+03
   0.943656E+00   0.712000E+03
   0.946000E+00   0.720000E+03
   0.948235E+00   0.728000E+03
   0.950367E+00   0.736000E+03
   0.952403E+00   0.744000E+03
   0.954084E+00   0.752000E+03
   0.955326E+00   0.760000E+03
   0.955935E+00   0.768000E+03
   0.955807E+00   0.776000E+03
   0.954831E+00   0.784000E+03
   0.953245E+00   0.792000E+03
   0.951504E+00   0.800000E+03
   0.949824E+00   0.808000E+03
   0.948216E+00   0.816000E+03
   0.946620E+00   0.824000E+03
   0.945020E+00   0.832000E+03
   0.943510E+00   0.840000E+03
   0.941930E+00   0.848000E+03
   0.940211E+00   0.856000E+03
   0.938273E+00   0.864000E+03
   0.936064E+00   0.872000E+03
   0.933734E+00   0.880000E+03
   0.931587E+00   0.888000E+03
   0.929850E+00   0.896000E+03
   0.928459E+00   0.904000E+03
   0.927226E+00   0.912000E+03
   0.925953E+00   0.920000E+03
   0.924518E+00   0.928000E+03
   0.923209E+00   0.936000E+03
   0.922224E+00   0.944000E+03
   0.921373E+00   0.952000E+03
   0.920483E+00   0.960000E+03
   0.919433E+00   0.968000E+03
   0.917966E+00   0.976000E+03
   0.915808E+00   0.984000E+03
   0.913051E+00   0.992000E+03
   0.909882E+00   0.100000E+04
   0.906520E+00   0.100800E+04
   0.902454E+00   0.101600E+04
   0.897289E+00   0.102400E+04
   0.890815E+00   0.103200E+04
   0.882856E+00   0.104000E+04
   0.873202E+00   0.104800E+04
   0.861692E+00   0.105600E+04
   0.848191E+00   0.106400E+04
   0.832591E+00   0.107200E+04
   0.815083E+00   0.108000E+04
   0.796077E+00   0.108800E+04
   0.775713E+00   0.109600E+04
   0.753842E+00   0.110400E+04
   0.729966E+00   0.111200E+04
   0.704117E+00   0.112000E+04
   0.675995E+00   0.112800E+04
   0.645301E+00   0.113600E+04
   0.612026E+00   0.114400E+04
   0.576589E+00   0.115200E+04
   0.538794E+00   0.116000E+04
   0.498649E+00   0.116800E+04
   0.456477E+00   0.117600E+04
   0.412528E+00   0.118400E+04
   0.366907E+00   0.119200E+04
   0.319922E+00   0.120000E+04
   0.271947E+00   0.120800E+04
   0.224686E+00   0.121600E+04
   0.179318E+00   0.122400E+04
   0.137001E+00   0.123200E+04
   0.987891E-01   0.124000E+04
   0.662669E-01   0.124800E+04
   0.395951E-01   0.125600E+04
   0.181900E-01   0.126400E+04
   0.198414E-02   0.127200E+04
  -0.958886E-02   0.128000E+04
  -0.173669E-01   0.128800E+04
  -0.224927E-01   0.129600E+04
  -0.257233E-01   0.130400E+04
  -0.273043E-01   0.131200E+04
  -0.271078E-01   0.132000E+04
  -0.249592E-01   0.132800E+04
  -0.210091E-01   0.133600E+04
  -0.159013E-01   0.134400E+04
  -0.100103E-01   0.135200E+04
  -0.377508E-02   0.136000E+04
   0.238114E-02   0.136800E+04
   0.813988E-02   0.137600E+04
   0.136524E-01   0.138400E+04
   0.187930E-01   0.139200E+04
   0.234378E-01   0.140000E+04
   0.273667E-01   0.140800E+04
   0.305609E-01   0.141600E+04
   0.330834E-01   0.142400E+04
   0.351281E-01   0.143200E+04
   0.368121E-01   0.144000E+04
   0.382231E-01   0.144800E+04
   0.394340E-01   0.145600E+04
   0.404696E-01   0.146400E+04
   0.413791E-01   0.147200E+04
   0.421856E-01   0.148000E+04
   0.429382E-01   0.148800E+04
   0.436599E-01   0.149600E+04
   0.443983E-01   0.150400E+04
   0.451902E-01   0.151200E+04
   0.460638E-01   0.152000E+04
   0.470391E-01   0.152800E+04
   0.481308E-01   0.153600E+04
   0.493496E-01   0.154400E+04
   0.507036E-01   0.155200E+04
   0.521943E-01   0.156000E+04
   0.538173E-01   0.156800E+04
   0.555600E-01   0.157600E+04
   0.574058E-01   0.158400E+04
   0.593317E-01   0.159200E+04
   0.613088E-01   0.160000E+04
   0.633014E-01   0.160800E+04
   0.652673E-01   0.161600E+04
   0.671587E-01   0.162400E+04
   0.689260E-01   0.163200E+04
   0.705179E-01   0.164000E+04
   0.718825E-01   0.164800E+04
   0.729738E-01   0.165600E+04
   0.737509E-01   0.166400E+04
   0.741855E-01   0.167200E+04
   0.742567E-01   0.168000E+04
   0.739543E-01   0.168800E+04
   0.732753E-01   0.169600E+04
   0.722194E-01   0.170400E+04
   0.707853E-01   0.171200E+04
   0.689714E-01   0.172000E+04
   0.667699E-01   0.172800E+04
   0.641724E-01   0.173600E+04
   0.611742E-01   0.174400E+04
   0.577728E-01   0.175200E+04
   0.539750E-01   0.176000E+04
   0.497946E-01   0.176800E+04
   0.452531E-01   0.177600E+04
   0.403748E-01   0.178400E+04
   0.351829E-01   0.179200E+04
   0.296954E-01   0.180000E+04
   0.239285E-01   0.180800E+04
   0.178930E-01   0.181600E+04
   0.115936E-01   0.182400E+04
   0.502478E-02   0.183200E+04
  -0.181474E-02   0.184000E+04
  -0.893387E-02   0.184800E+04
  -0.163342E-01   0.185600E+04
  -0.240297E-01   0.186400E+04
  -0.319950E-01   0.187200E+04
  -0.402140E-01   0.188000E+04
  -0.486703E-01   0.188800E+04
  -0.573745E-01   0.189600E+04
  -0.663240E-01   0.190400E+04
  -0.754830E-01   0.191200E+04
  -0.848173E-01   0.192000E+04
  -0.942297E-01   0.192800E+04
  -0.103714E+00   0.193600E+04
  -0.113254E+00   0.194400E+04
  -0.122895E+00   0.195200E+04
  -0.132661E+00   0.196000E+04
  -0.142538E+00   0.196800E+04
  -0.152549E+00   0.197600E+04
  -0.162732E+00   0.198400E+04
  -0.173066E+00   0.199200E+04
  -0.183468E+00   0.200000E+04
  -0.193622E+00   0.200800E+04
  -0.203289E+00   0.201600E+04
  -0.212104E+00   0.202400E+04
  -0.221383E+00   0.203200E+04
  -0.231469E+00   0.204000E+04
  -0.270026E+00   0.204800E+04
