#WTLE WTSB WTTOT zw
   0.145629E-01   0.104477E+00   0.119040E+00   0.800000E+01
   0.588935E-01   0.591789E-01   0.118073E+00   0.160000E+02
   0.872251E-01   0.298554E-01   0.117081E+00   0.240000E+02
   0.992064E-01   0.168513E-01   0.116058E+00   0.320000E+02
   0.104127E+00   0.108861E-01   0.115013E+00   0.400000E+02
   0.106252E+00   0.770055E-02   0.113952E+00   0.480000E+02
   0.107106E+00   0.577549E-02   0.112881E+00   0.560000E+02
   0.107274E+00   0.452710E-02   0.111801E+00   0.640000E+02
   0.107059E+00   0.365613E-02   0.110716E+00   0.720000E+02
   0.106606E+00   0.301965E-02   0.109625E+00   0.800000E+02
   0.105994E+00   0.253778E-02   0.108532E+00   0.880000E+02
   0.105270E+00   0.216910E-02   0.107439E+00   0.960000E+02
   0.104470E+00   0.187824E-02   0.106348E+00   0.104000E+03
   0.103617E+00   0.164479E-02   0.105262E+00   0.112000E+03
   0.102732E+00   0.144988E-02   0.104181E+00   0.120000E+03
   0.101819E+00   0.128817E-02   0.103107E+00   0.128000E+03
   0.100882E+00   0.115620E-02   0.102038E+00   0.136000E+03
   0.999310E-01   0.104476E-02   0.100976E+00   0.144000E+03
   0.989765E-01   0.944703E-03   0.999211E-01   0.152000E+03
   0.980168E-01   0.858688E-03   0.988753E-01   0.160000E+03
   0.970579E-01   0.783173E-03   0.978412E-01   0.168000E+03
   0.961026E-01   0.714943E-03   0.968174E-01   0.176000E+03
   0.951504E-01   0.653927E-03   0.958043E-01   0.184000E+03
   0.942013E-01   0.599861E-03   0.948011E-01   0.192000E+03
   0.932519E-01   0.554192E-03   0.938060E-01   0.200000E+03
   0.923022E-01   0.514927E-03   0.928172E-01   0.208000E+03
   0.913527E-01   0.481666E-03   0.918347E-01   0.216000E+03
   0.904073E-01   0.451183E-03   0.908585E-01   0.224000E+03
   0.894636E-01   0.424958E-03   0.898883E-01   0.232000E+03
   0.885232E-01   0.399947E-03   0.889230E-01   0.240000E+03
   0.875897E-01   0.372414E-03   0.879621E-01   0.248000E+03
   0.866601E-01   0.345480E-03   0.870056E-01   0.256000E+03
   0.857301E-01   0.322215E-03   0.860523E-01   0.264000E+03
   0.847988E-01   0.302588E-03   0.851014E-01   0.272000E+03
   0.838681E-01   0.283329E-03   0.841517E-01   0.280000E+03
   0.829395E-01   0.262758E-03   0.832020E-01   0.288000E+03
   0.820059E-01   0.245918E-03   0.822519E-01   0.296000E+03
   0.810680E-01   0.232123E-03   0.813000E-01   0.304000E+03
   0.801261E-01   0.220480E-03   0.803464E-01   0.312000E+03
   0.791825E-01   0.209642E-03   0.793922E-01   0.320000E+03
   0.782398E-01   0.198319E-03   0.784381E-01   0.328000E+03
   0.772967E-01   0.188726E-03   0.774853E-01   0.336000E+03
   0.763551E-01   0.178087E-03   0.765332E-01   0.344000E+03
   0.754147E-01   0.166419E-03   0.755813E-01   0.352000E+03
   0.744727E-01   0.155921E-03   0.746287E-01   0.360000E+03
   0.735291E-01   0.147223E-03   0.736763E-01   0.368000E+03
   0.725855E-01   0.139044E-03   0.727246E-01   0.376000E+03
   0.716421E-01   0.131364E-03   0.717734E-01   0.384000E+03
   0.706982E-01   0.124298E-03   0.708223E-01   0.392000E+03
   0.697535E-01   0.119337E-03   0.698728E-01   0.400000E+03
   0.688121E-01   0.112922E-03   0.689252E-01   0.408000E+03
   0.678730E-01   0.106076E-03   0.679791E-01   0.416000E+03
   0.669338E-01   0.100381E-03   0.670339E-01   0.424000E+03
   0.659932E-01   0.947951E-04   0.660882E-01   0.432000E+03
   0.650520E-01   0.891165E-04   0.651415E-01   0.440000E+03
   0.641088E-01   0.844794E-04   0.641930E-01   0.448000E+03
   0.631634E-01   0.808867E-04   0.632441E-01   0.456000E+03
   0.622164E-01   0.770269E-04   0.622933E-01   0.464000E+03
   0.612672E-01   0.731688E-04   0.613404E-01   0.472000E+03
   0.603169E-01   0.686893E-04   0.603857E-01   0.480000E+03
   0.593659E-01   0.638776E-04   0.594297E-01   0.488000E+03
   0.584152E-01   0.585702E-04   0.584737E-01   0.496000E+03
   0.574650E-01   0.531065E-04   0.575180E-01   0.504000E+03
   0.565134E-01   0.490270E-04   0.565624E-01   0.512000E+03
   0.555603E-01   0.462117E-04   0.556065E-01   0.520000E+03
   0.546062E-01   0.442927E-04   0.546504E-01   0.528000E+03
   0.536516E-01   0.428703E-04   0.536946E-01   0.536000E+03
   0.526987E-01   0.398903E-04   0.527386E-01   0.544000E+03
   0.517459E-01   0.366094E-04   0.517826E-01   0.552000E+03
   0.507925E-01   0.335555E-04   0.508262E-01   0.560000E+03
   0.498394E-01   0.306434E-04   0.498700E-01   0.568000E+03
   0.488860E-01   0.279450E-04   0.489141E-01   0.576000E+03
   0.479333E-01   0.248161E-04   0.479581E-01   0.584000E+03
   0.469807E-01   0.215043E-04   0.470022E-01   0.592000E+03
   0.460273E-01   0.176388E-04   0.460451E-01   0.600000E+03
   0.450720E-01   0.142880E-04   0.450863E-01   0.608000E+03
   0.441134E-01   0.130458E-04   0.441265E-01   0.616000E+03
   0.431552E-01   0.112628E-04   0.431665E-01   0.624000E+03
   0.421974E-01   0.937471E-05   0.422067E-01   0.632000E+03
   0.412401E-01   0.746781E-05   0.412474E-01   0.640000E+03
   0.402840E-01   0.506453E-05   0.402890E-01   0.648000E+03
   0.393291E-01   0.233492E-05   0.393315E-01   0.656000E+03
   0.383757E-01  -0.656401E-06   0.383751E-01   0.664000E+03
   0.374246E-01  -0.436237E-05   0.374204E-01   0.672000E+03
   0.364752E-01  -0.807421E-05   0.364671E-01   0.680000E+03
   0.355278E-01  -0.123054E-04   0.355156E-01   0.688000E+03
   0.345824E-01  -0.159497E-04   0.345664E-01   0.696000E+03
   0.336391E-01  -0.191469E-04   0.336198E-01   0.704000E+03
   0.326983E-01  -0.222925E-04   0.326760E-01   0.712000E+03
   0.317599E-01  -0.245269E-04   0.317352E-01   0.720000E+03
   0.308248E-01  -0.266496E-04   0.307981E-01   0.728000E+03
   0.298930E-01  -0.283471E-04   0.298646E-01   0.736000E+03
   0.289642E-01  -0.298187E-04   0.289344E-01   0.744000E+03
   0.280398E-01  -0.314282E-04   0.280084E-01   0.752000E+03
   0.271204E-01  -0.331743E-04   0.270872E-01   0.760000E+03
   0.262064E-01  -0.352743E-04   0.261711E-01   0.768000E+03
   0.252967E-01  -0.373316E-04   0.252594E-01   0.776000E+03
   0.243904E-01  -0.390314E-04   0.243514E-01   0.784000E+03
   0.234875E-01  -0.408997E-04   0.234466E-01   0.792000E+03
   0.225875E-01  -0.422258E-04   0.225453E-01   0.800000E+03
   0.216909E-01  -0.432911E-04   0.216476E-01   0.808000E+03
   0.207977E-01  -0.445087E-04   0.207531E-01   0.816000E+03
   0.199065E-01  -0.451112E-04   0.198613E-01   0.824000E+03
   0.190186E-01  -0.462338E-04   0.189724E-01   0.832000E+03
   0.181347E-01  -0.482361E-04   0.180865E-01   0.840000E+03
   0.172538E-01  -0.504141E-04   0.172034E-01   0.848000E+03
   0.163750E-01  -0.524203E-04   0.163226E-01   0.856000E+03
   0.154985E-01  -0.546020E-04   0.154439E-01   0.864000E+03
   0.146248E-01  -0.577578E-04   0.145670E-01   0.872000E+03
   0.137529E-01  -0.608643E-04   0.136921E-01   0.880000E+03
   0.128830E-01  -0.636672E-04   0.128194E-01   0.888000E+03
   0.120154E-01  -0.662101E-04   0.119492E-01   0.896000E+03
   0.111501E-01  -0.685003E-04   0.110815E-01   0.904000E+03
   0.102870E-01  -0.711554E-04   0.102158E-01   0.912000E+03
   0.942620E-02  -0.748916E-04   0.935129E-02   0.920000E+03
   0.856641E-02  -0.792403E-04   0.848716E-02   0.928000E+03
   0.770691E-02  -0.837299E-04   0.762318E-02   0.936000E+03
   0.684788E-02  -0.879503E-04   0.675993E-02   0.944000E+03
   0.598925E-02  -0.913003E-04   0.589794E-02   0.952000E+03
   0.513416E-02  -0.967272E-04   0.503744E-02   0.960000E+03
   0.428243E-02  -0.103821E-03   0.417859E-02   0.968000E+03
   0.343418E-02  -0.112261E-03   0.332191E-02   0.976000E+03
   0.258861E-02  -0.121067E-03   0.246753E-02   0.984000E+03
   0.174470E-02  -0.129735E-03   0.161495E-02   0.992000E+03
   0.901680E-03  -0.138576E-03   0.763100E-03   0.100000E+04
   0.596381E-04  -0.148742E-03  -0.891058E-04   0.100800E+04
  -0.781924E-03  -0.160279E-03  -0.942206E-03   0.101600E+04
  -0.162203E-02  -0.173897E-03  -0.179593E-02   0.102400E+04
  -0.246247E-02  -0.188185E-03  -0.265065E-02   0.103200E+04
  -0.330527E-02  -0.201841E-03  -0.350710E-02   0.104000E+04
  -0.415079E-02  -0.215225E-03  -0.436601E-02   0.104800E+04
  -0.499704E-02  -0.230038E-03  -0.522707E-02   0.105600E+04
  -0.584212E-02  -0.247155E-03  -0.608929E-02   0.106400E+04
  -0.668537E-02  -0.265526E-03  -0.695091E-02   0.107200E+04
  -0.752581E-02  -0.285899E-03  -0.781172E-02   0.108000E+04
  -0.836341E-02  -0.307419E-03  -0.867082E-02   0.108800E+04
  -0.919567E-02  -0.330380E-03  -0.952603E-02   0.109600E+04
  -0.100216E-01  -0.354527E-03  -0.103761E-01   0.110400E+04
  -0.108394E-01  -0.381033E-03  -0.112204E-01   0.111200E+04
  -0.116455E-01  -0.411219E-03  -0.120567E-01   0.112000E+04
  -0.124376E-01  -0.444099E-03  -0.128816E-01   0.112800E+04
  -0.132104E-01  -0.479643E-03  -0.136901E-01   0.113600E+04
  -0.139525E-01  -0.522275E-03  -0.144748E-01   0.114400E+04
  -0.146558E-01  -0.570512E-03  -0.152263E-01   0.115200E+04
  -0.153095E-01  -0.624952E-03  -0.159344E-01   0.116000E+04
  -0.159022E-01  -0.684775E-03  -0.165869E-01   0.116800E+04
  -0.164123E-01  -0.756261E-03  -0.171685E-01   0.117600E+04
  -0.168263E-01  -0.837782E-03  -0.176642E-01   0.118400E+04
  -0.171412E-01  -0.924944E-03  -0.180662E-01   0.119200E+04
  -0.173463E-01  -0.102041E-02  -0.183666E-01   0.120000E+04
  -0.174230E-01  -0.112848E-02  -0.185514E-01   0.120800E+04
  -0.173595E-01  -0.123803E-02  -0.185975E-01   0.121600E+04
  -0.171282E-01  -0.134875E-02  -0.184768E-01   0.122400E+04
  -0.166994E-01  -0.146328E-02  -0.181626E-01   0.123200E+04
  -0.160659E-01  -0.157551E-02  -0.176413E-01   0.124000E+04
  -0.152424E-01  -0.167172E-02  -0.169141E-01   0.124800E+04
  -0.142529E-01  -0.174604E-02  -0.159988E-01   0.125600E+04
  -0.131161E-01  -0.180403E-02  -0.149200E-01   0.126400E+04
  -0.118779E-01  -0.183791E-02  -0.137157E-01   0.127200E+04
  -0.105849E-01  -0.184341E-02  -0.124281E-01   0.128000E+04
  -0.929270E-02  -0.180185E-02  -0.110943E-01   0.128800E+04
  -0.802715E-02  -0.173329E-02  -0.976026E-02   0.129600E+04
  -0.683659E-02  -0.162769E-02  -0.846410E-02   0.130400E+04
  -0.575448E-02  -0.146965E-02  -0.722399E-02   0.131200E+04
  -0.475984E-02  -0.127599E-02  -0.603571E-02   0.132000E+04
  -0.383816E-02  -0.106513E-02  -0.490318E-02   0.132800E+04
  -0.299239E-02  -0.858569E-03  -0.385087E-02   0.133600E+04
  -0.224622E-02  -0.667642E-03  -0.291378E-02   0.134400E+04
  -0.162128E-02  -0.496606E-03  -0.211783E-02   0.135200E+04
  -0.111329E-02  -0.362905E-03  -0.147615E-02   0.136000E+04
  -0.727990E-03  -0.262250E-03  -0.990212E-03   0.136800E+04
  -0.449585E-03  -0.188254E-03  -0.637820E-03   0.137600E+04
  -0.249784E-03  -0.135183E-03  -0.384953E-03   0.138400E+04
  -0.107030E-03  -0.989636E-04  -0.205981E-03   0.139200E+04
  -0.819174E-05  -0.744059E-04  -0.825910E-04   0.140000E+04
   0.578423E-04  -0.578828E-04  -0.351575E-07   0.140800E+04
   0.997795E-04  -0.456489E-04   0.541349E-04   0.141600E+04
   0.124647E-03  -0.359076E-04   0.887419E-04   0.142400E+04
   0.138206E-03  -0.279775E-04   0.110231E-03   0.143200E+04
   0.145020E-03  -0.215979E-04   0.123424E-03   0.144000E+04
   0.148174E-03  -0.164862E-04   0.131689E-03   0.144800E+04
   0.149994E-03  -0.124682E-04   0.137527E-03   0.145600E+04
   0.151683E-03  -0.934830E-05   0.142336E-03   0.146400E+04
   0.153657E-03  -0.695398E-05   0.146703E-03   0.147200E+04
   0.155801E-03  -0.512351E-05   0.150677E-03   0.148000E+04
   0.157842E-03  -0.373172E-05   0.154111E-03   0.148800E+04
   0.159476E-03  -0.267616E-05   0.156800E-03   0.149600E+04
   0.160553E-03  -0.188472E-05   0.158668E-03   0.150400E+04
   0.161086E-03  -0.129568E-05   0.159790E-03   0.151200E+04
   0.161110E-03  -0.867640E-06   0.160243E-03   0.152000E+04
   0.160664E-03  -0.564178E-06   0.160101E-03   0.152800E+04
   0.159788E-03  -0.355853E-06   0.159432E-03   0.153600E+04
   0.158549E-03  -0.217829E-06   0.158331E-03   0.154400E+04
   0.157021E-03  -0.129618E-06   0.156892E-03   0.155200E+04
   0.155243E-03  -0.751092E-07   0.155168E-03   0.156000E+04
   0.153225E-03  -0.425530E-07   0.153182E-03   0.156800E+04
   0.151021E-03  -0.237229E-07   0.150997E-03   0.157600E+04
   0.148766E-03  -0.131157E-07   0.148754E-03   0.158400E+04
   0.146644E-03  -0.725864E-08   0.146637E-03   0.159200E+04
   0.144815E-03  -0.405941E-08   0.144811E-03   0.160000E+04
   0.143406E-03  -0.230433E-08   0.143404E-03   0.160800E+04
   0.142500E-03  -0.133175E-08   0.142499E-03   0.161600E+04
   0.142136E-03  -0.782206E-09   0.142136E-03   0.162400E+04
   0.142300E-03  -0.466160E-09   0.142299E-03   0.163200E+04
   0.142938E-03  -0.281683E-09   0.142938E-03   0.164000E+04
   0.143998E-03  -0.173335E-09   0.143998E-03   0.164800E+04
   0.145425E-03  -0.109709E-09   0.145425E-03   0.165600E+04
   0.147155E-03  -0.725177E-10   0.147155E-03   0.166400E+04
   0.149079E-03  -0.509609E-10   0.149079E-03   0.167200E+04
   0.151008E-03  -0.385909E-10   0.151008E-03   0.168000E+04
   0.152688E-03  -0.315715E-10   0.152688E-03   0.168800E+04
   0.153832E-03  -0.276359E-10   0.153832E-03   0.169600E+04
   0.154178E-03  -0.254568E-10   0.154178E-03   0.170400E+04
   0.153557E-03  -0.242690E-10   0.153557E-03   0.171200E+04
   0.151935E-03  -0.236298E-10   0.151935E-03   0.172000E+04
   0.149431E-03  -0.232951E-10   0.149431E-03   0.172800E+04
   0.146261E-03  -0.231286E-10   0.146261E-03   0.173600E+04
   0.142675E-03  -0.230527E-10   0.142675E-03   0.174400E+04
   0.138891E-03  -0.230219E-10   0.138891E-03   0.175200E+04
   0.135084E-03  -0.230112E-10   0.135084E-03   0.176000E+04
   0.131389E-03  -0.230071E-10   0.131389E-03   0.176800E+04
   0.127903E-03  -0.230040E-10   0.127903E-03   0.177600E+04
   0.124684E-03  -0.230008E-10   0.124684E-03   0.178400E+04
   0.121742E-03  -0.229982E-10   0.121742E-03   0.179200E+04
   0.119047E-03  -0.229958E-10   0.119047E-03   0.180000E+04
   0.116533E-03  -0.229935E-10   0.116533E-03   0.180800E+04
   0.114121E-03  -0.229941E-10   0.114121E-03   0.181600E+04
   0.111734E-03  -0.230085E-10   0.111734E-03   0.182400E+04
   0.109321E-03  -0.230560E-10   0.109321E-03   0.183200E+04
   0.106850E-03  -0.231642E-10   0.106850E-03   0.184000E+04
   0.104308E-03  -0.233726E-10   0.104308E-03   0.184800E+04
   0.101680E-03  -0.237316E-10   0.101680E-03   0.185600E+04
   0.989574E-04  -0.243264E-10   0.989574E-04   0.186400E+04
   0.961129E-04  -0.252856E-10   0.961129E-04   0.187200E+04
   0.931457E-04  -0.267852E-10   0.931457E-04   0.188000E+04
   0.900444E-04  -0.290845E-10   0.900444E-04   0.188800E+04
   0.868150E-04  -0.326005E-10   0.868150E-04   0.189600E+04
   0.834307E-04  -0.379926E-10   0.834307E-04   0.190400E+04
   0.798414E-04  -0.463142E-10   0.798414E-04   0.191200E+04
   0.760194E-04  -0.592830E-10   0.760194E-04   0.192000E+04
   0.719225E-04  -0.799356E-10   0.719224E-04   0.192800E+04
   0.675731E-04  -0.113843E-09   0.675730E-04   0.193600E+04
   0.630121E-04  -0.171461E-09   0.630120E-04   0.194400E+04
   0.583764E-04  -0.275492E-09   0.583762E-04   0.195200E+04
   0.538520E-04  -0.469248E-09   0.538514E-04   0.196000E+04
   0.496184E-04  -0.894007E-09   0.496174E-04   0.196800E+04
   0.457286E-04  -0.147137E-08   0.457272E-04   0.197600E+04
   0.423398E-04  -0.252566E-08   0.423373E-04   0.198400E+04
   0.395580E-04  -0.457264E-08   0.395534E-04   0.199200E+04
   0.376236E-04  -0.821934E-08   0.376154E-04   0.200000E+04
   0.367689E-04  -0.158558E-07   0.367530E-04   0.200800E+04
   0.374348E-04  -0.295239E-07   0.374053E-04   0.201600E+04
   0.401103E-04  -0.720750E-07   0.400383E-04   0.202400E+04
   0.447951E-04  -0.101099E-06   0.446939E-04   0.203200E+04
   0.509892E-04  -0.336763E-06   0.506524E-04   0.204000E+04
   0.563859E-04  -0.230318E-10   0.563859E-04   0.204800E+04
